Name,"Accel + Decel Efforts","Accel + Decel Efforts Per Minute","Acceleration B1 Average Efforts (Session) (Gen 2)","Acceleration B1 Distance (Gen 2) (m)","Acceleration B1 Duration (Gen 2)","Acceleration B1 Efforts (Gen 2)","Acceleration B1-3 Average Efforts (Session) (Gen 2)","Acceleration B1-3 Distance (Gen 2) (m)","Acceleration B1-3 Duration (Gen 2)","Acceleration B1-3 Total Efforts (Gen 2)","Acceleration B2 Average Efforts (Session) (Gen 2)","Acceleration B2 Distance (Gen 2) (m)","Acceleration B2 Duration (Gen 2)","Acceleration B2 Efforts (Gen 2)","Acceleration B2-3 Average Efforts (Session) (Gen 2)","Acceleration B2-3 Distance (Gen 2) (m)","Acceleration B2-3 Duration (Gen 2)","Acceleration B2-3 Total Efforts (Gen 2)","Acceleration B3 Average Efforts (Session) (Gen 2)","Acceleration B3 Distance (Gen 2) (m)","Acceleration B3 Duration (Gen 2)","Acceleration B3 Efforts (Gen 2)","Deceleration B1 Average Efforts (Session) (Gen 2)","Deceleration B1 Distance (Gen 2) (m)","Deceleration B1 Duration (Gen 2)","Deceleration B1 Efforts (Gen 2)","Deceleration B1-3 Average Efforts (Session) (Gen 2)","Deceleration B1-3 Distance (Gen 2) (m)","Deceleration B1-3 Duration (Gen 2)","Deceleration B1-3 Total Efforts (Gen 2)","Deceleration B2 Average Efforts (Session) (Gen 2)","Deceleration B2 Distance (Gen 2) (m)","Deceleration B2 Duration (Gen 2)","Deceleration B2 Efforts (Gen 2)","Deceleration B2-3 Average Efforts (Session) (Gen 2)","Deceleration B2-3 Distance (Gen 2) (m)","Deceleration B2-3 Duration (Gen 2)","Deceleration B2-3 Total Efforts (Gen 2)","Deceleration B3 Average Efforts (Session) (Gen 2)","Deceleration B3 Distance (Gen 2) (m)","Deceleration B3 Duration (Gen 2)","Deceleration B3 Efforts (Gen 2)","Max Acceleration","Max Deceleration","Acceleration Density","Acceleration Density Index","Average Distance (m)","Average Distance (Session) (m)","Average Duration","Average Duration (Session)","Average Player Load","Average Player Load (1D Fwd)","Average Player Load (1D Fwd) (Session)","Average Player Load (1D Side)","Average Player Load (1D Side) (Session)","Average Player Load (1D Up)","Average Player Load (1D Up) (Session)","Average Player Load (2D)","Average Player Load (2D) (Session)","Average Player Load (Session)","Average Player Load (Slow)","Average Player Load (Slow) (Session)","Average Velocity (km/h)","Avg Acceleration Load (Session)","Avg HR (% Max)","Avg Heart Rate","Exertion Index","Exertion Index Per Minute","Heart Rate Exertion","Heart Rate Exertion Per Metre","Heart Rate Exertion Per Minute","Max HR (% Max)","Max Vel (% Max)","Maximum Heart Rate","Maximum Velocity (km/h)","Meterage Per Minute","Minimum Heart Rate","Peak Player Load","Player Load (1D Fwd %)","Player Load (1D Fwd)","Player Load (1D Side %)","Player Load (1D Side)","Player Load (1D Up %)","Player Load (1D Up)","Player Load (2D)","Player Load (Slow)","Player Load Per Metre","Player Load Per Minute","Total Acceleration Load","Total Distance (m)","Total Duration","Total Player Load","Velocity Work/Rest Ratio","Work/Rest Ratio","% distance 20 (m)","Distancia > 25","Explosive Efforts","High Metabolic Power Efforts",Sprint,Time,"Total Dives","Total Jumps","Total Left Dives","Total Right Dives",acc,dess,"distance/time (m)","distancia > 20",exforços,"FMP Dynamic High Duration","FMP Dynamic High Duration %","FMP Dynamic High Duration Average (Session)","FMP Dynamic Medium Duration","FMP Dynamic Medium Duration %","FMP Dynamic Medium Duration Average (Session)","FMP Low Duration","FMP Low Duration %","FMP Low Duration Average (Session)","FMP Running High Duration","FMP Running High Duration %","FMP Running High Duration Average (Session)","FMP Running Medium Duration","FMP Running Medium Duration %","FMP Running Medium Duration Average (Session)","FMP Total Dynamic Duration","FMP Total Dynamic Duration %","FMP Total Dynamic Duration Average (Session)","FMP Total Running Duration","FMP Total Running Duration %","FMP Total Running Duration Average (Session)","FMP Very Low Duration","FMP Very Low Duration %","FMP Very Low Duration Average (Session)","IMA 1 O'Clock High","IMA 1 O'Clock Low","IMA 1 O'Clock Medium","IMA 10 O'Clock High","IMA 10 O'Clock Low","IMA 10 O'Clock Medium","IMA 11 O'Clock High","IMA 11 O'Clock Low","IMA 11 O'Clock Medium","IMA 12 O'Clock High","IMA 12 O'Clock Low","IMA 12 O'Clock Medium","IMA 2 O'Clock High","IMA 2 O'Clock Low","IMA 2 O'Clock Medium","IMA 3 O'Clock High","IMA 3 O'Clock Low","IMA 3 O'Clock Medium","IMA 4 O'Clock High","IMA 4 O'Clock Low","IMA 4 O'Clock Medium","IMA 5 O'Clock High","IMA 5 O'Clock Low","IMA 5 O'Clock Medium","IMA 6 O'Clock High","IMA 6 O'Clock Low","IMA 6 O'Clock Medium","IMA 7 O'Clock High","IMA 7 O'Clock Low","IMA 7 O'Clock Medium","IMA 8 O'Clock High","IMA 8 O'Clock Low","IMA 8 O'Clock Medium","IMA 9 O'Clock High","IMA 9 O'Clock Low","IMA 9 O'Clock Medium","IMA Accel High","IMA Accel Low","IMA Accel Medium","IMA Average ACCEL High (Session) 1.0","IMA Average ACCEL Low (Session) 1.0","IMA Average ACCEL Medium (Session) 1.0","IMA Average DECEL High (Session) 1.0","IMA Average DECEL Low (Session) 1.0","IMA Average DECEL Medium (Session) 1.0","IMA Average LEFT High (Session) 1.0","IMA Average LEFT Low (Session) 1.0","IMA Average LEFT Medium (Session) 1.0","IMA Average RIGHT High (Session) 1.0","IMA Average RIGHT Low (Session) 1.0","IMA Average RIGHT Medium (Session) 1.0","IMA Band 8 Left Count","IMA Band 8 Right Count","IMA CoD Left High","IMA CoD Left Low","IMA CoD Left Medium","IMA CoD Right High","IMA CoD Right Low","IMA CoD Right Medium","IMA Decel High","IMA Decel Low","IMA Decel Medium","IMA Impacts Band 1 Average Count","IMA Impacts Band 1 Average Count (Session)","IMA Impacts Band 1 Count","IMA Impacts Band 2 Average Count","IMA Impacts Band 2 Average Count (Session)","IMA Impacts Band 2 Count","IMA Impacts Band 3 Average Count","IMA Impacts Band 3 Average Count (Session)","IMA Impacts Band 3 Count","IMA Impacts Band 4 Average Count","IMA Impacts Band 4 Average Count (Session)","IMA Impacts Band 4 Count","IMA Impacts Band 5 Average Count","IMA Impacts Band 5 Average Count (Session)","IMA Impacts Band 5 Count","IMA Impacts Band 6 Average Count","IMA Impacts Band 6 Average Count (Session)","IMA Impacts Band 6 Count","IMA Impacts Band 7 Average Count","IMA Impacts Band 7 Average Count (Session)","IMA Impacts Band 7 Count","IMA Impacts Band 8 Average Count","IMA Impacts Band 8 Average Count (Session)","IMA Impacts Band 8 Count","IMA Jump Count Band 4","IMA Jump Count Band 5","IMA Jump Count Band 6","IMA Jump Count Band 7","IMA Jump Count Band 8","IMA Jump Count High Band","IMA Jump Count Low Band","IMA Jump Count Med Band","Distance at High intensity (m)","HIGH INTENSITY (m)","MII Distance Interval 1 End Time","MII Distance Interval 1 Start Time","MII Distance Interval 2 (m)","MII Distance Interval 2 End Time","MII Distance Interval 2 Start Time","MII Distance Interval 3 End Time","MII Distance Interval 3 Start Time","MII Player Load Interval 1","MII Player Load Interval 1 End Time","MII Player Load Interval 1 Start Time","MII Player Load Interval 2","MII Player Load Interval 2 End Time","MII Player Load Interval 2 Start Time","MII Player Load Interval 3","MII Player Load Interval 3 End Time","MII Player Load Interval 3 Start Time","EDI (m)",Energy,"Equivalent Distance (m)","High Metabolic Load Distance (m)","Meta Energy (Cal/kg)","Meta Energy (KJ/kg)","Metabolic Power Band 1 Average Power","Metabolic Power Band 1 Total Distance (m)","Metabolic Power Band 1 Total Duration","Metabolic Power Band 1 Total Duration %","Metabolic Power Band 2 Average Power","Metabolic Power Band 2 Total # Efforts","Metabolic Power Band 2 Total Distance (m)","Metabolic Power Band 2 Total Duration","Metabolic Power Band 2 Total Duration %","Metabolic Power Band 3 Average Power","Metabolic Power Band 3 Total # Efforts","Metabolic Power Band 3 Total Distance (m)","Metabolic Power Band 3 Total Duration","Metabolic Power Band 3 Total Duration %","Metabolic Power Band 4 Average Power","Metabolic Power Band 4 Total # Efforts","Metabolic Power Band 4 Total Distance (m)","Metabolic Power Band 4 Total Duration","Metabolic Power Band 4 Total Duration %","Metabolic Power Band 5 Average Power","Metabolic Power Band 5 Total # Efforts","Metabolic Power Band 5 Total Distance (m)","Metabolic Power Band 5 Total Duration","Metabolic Power Band 5 Total Duration %","Metabolic Power Band 6 Average Power","Metabolic Power Band 6 Total # Efforts","Metabolic Power Band 6 Total Distance (m)","Metabolic Power Band 6 Total Duration","Metabolic Power Band 6 Total Duration %","Metabolic Power Band 7 Average Power","Metabolic Power Band 7 Total # Efforts","Metabolic Power Band 7 Total Distance (m)","Metabolic Power Band 7 Total Duration","Metabolic Power Band 7 Total Duration %","Metabolic Power Band 8 Average Power","Metabolic Power Band 8 Total # Efforts","Metabolic Power Band 8 Total Distance (m)","Metabolic Power Band 8 Total Duration","Metabolic Power Band 8 Total Duration %","Peak Meta Power","IMA Free Running Band 1 Average Distance (Session) (m)","IMA Free Running Band 1 Average Duration (Session)","IMA Free Running Band 1 Average Player Load (Session)","IMA Free Running Band 1 Average Stride Rate","IMA Free Running Band 1 Average Stride Rate 1.0","IMA Free Running Band 1 Event Count","IMA Free Running Band 1 Player Load Per Minute","IMA Free Running Band 1 Stride Count","IMA Free Running Band 1 Stride Count (Session)","IMA Free Running Band 1 Total Distance (m)","IMA Free Running Band 1 Total Duration","IMA Free Running Band 1 Total Player Load","IMA Free Running Band 2 Average Distance (Session) (m)","IMA Free Running Band 2 Average Duration (Session)","IMA Free Running Band 2 Average Player Load (Session)","IMA Free Running Band 2 Average Stride Rate","IMA Free Running Band 2 Average Stride Rate 1.0","IMA Free Running Band 2 Event Count","IMA Free Running Band 2 Player Load Per Minute","IMA Free Running Band 2 Stride Count","IMA Free Running Band 2 Stride Count (Session)","IMA Free Running Band 2 Total Distance (m)","IMA Free Running Band 2 Total Duration","IMA Free Running Band 2 Total Player Load","IMA Free Running Band 3 Average Distance (Session) (m)","IMA Free Running Band 3 Average Duration (Session)","IMA Free Running Band 3 Average Player Load (Session)","IMA Free Running Band 3 Average Stride Rate","IMA Free Running Band 3 Average Stride Rate 1.0","IMA Free Running Band 3 Event Count","IMA Free Running Band 3 Player Load Per Minute","IMA Free Running Band 3 Stride Count","IMA Free Running Band 3 Stride Count (Session)","IMA Free Running Band 3 Total Distance (m)","IMA Free Running Band 3 Total Duration","IMA Free Running Band 3 Total Player Load","IMA Free Running Band 4 Average Distance (Session) (m)","IMA Free Running Band 4 Average Duration (Session)","IMA Free Running Band 4 Average Player Load (Session)","IMA Free Running Band 4 Average Stride Rate","IMA Free Running Band 4 Average Stride Rate 1.0","IMA Free Running Band 4 Event Count","IMA Free Running Band 4 Player Load Per Minute","IMA Free Running Band 4 Stride Count","IMA Free Running Band 4 Stride Count (Session)","IMA Free Running Band 4 Total Distance (m)","IMA Free Running Band 4 Total Duration","IMA Free Running Band 4 Total Player Load","IMA Free Running Band 5 Average Distance (Session) (m)","IMA Free Running Band 5 Average Duration (Session)","IMA Free Running Band 5 Average Player Load (Session)","IMA Free Running Band 5 Average Stride Rate","IMA Free Running Band 5 Average Stride Rate 1.0","IMA Free Running Band 5 Event Count","IMA Free Running Band 5 Player Load Per Minute","IMA Free Running Band 5 Stride Count","IMA Free Running Band 5 Stride Count (Session)","IMA Free Running Band 5 Total Distance (m)","IMA Free Running Band 5 Total Duration","IMA Free Running Band 5 Total Player Load","IMA Free Running Band 6 Average Distance (Session) (m)","IMA Free Running Band 6 Average Duration (Session)","IMA Free Running Band 6 Average Player Load (Session)","IMA Free Running Band 6 Average Stride Rate","IMA Free Running Band 6 Average Stride Rate 1.0","IMA Free Running Band 6 Event Count","IMA Free Running Band 6 Player Load Per Minute","IMA Free Running Band 6 Stride Count","IMA Free Running Band 6 Stride Count (Session)","IMA Free Running Band 6 Total Distance (m)","IMA Free Running Band 6 Total Duration","IMA Free Running Band 6 Total Player Load","IMA Free Running Band 7 Average Distance (Session) (m)","IMA Free Running Band 7 Average Duration (Session)","IMA Free Running Band 7 Average Player Load (Session)","IMA Free Running Band 7 Average Stride Rate","IMA Free Running Band 7 Average Stride Rate 1.0","IMA Free Running Band 7 Event Count","IMA Free Running Band 7 Player Load Per Minute","IMA Free Running Band 7 Stride Count","IMA Free Running Band 7 Stride Count (Session)","IMA Free Running Band 7 Total Distance (m)","IMA Free Running Band 7 Total Duration","IMA Free Running Band 7 Total Player Load","IMA Free Running Band 8 Average Distance (Session) (m)","IMA Free Running Band 8 Average Duration (Session)","IMA Free Running Band 8 Average Player Load (Session)","IMA Free Running Band 8 Average Stride Rate","IMA Free Running Band 8 Average Stride Rate 1.0","IMA Free Running Band 8 Event Count","IMA Free Running Band 8 Player Load Per Minute","IMA Free Running Band 8 Stride Count","IMA Free Running Band 8 Stride Count (Session)","IMA Free Running Band 8 Total Distance (m)","IMA Free Running Band 8 Total Duration","IMA Free Running Band 8 Total Player Load","IMA Free Running Mean Stride Rate","IMA Free Running Total Event Count","IMA Free Running Total Time","IMA Free Running Total Time %","Player Load Band 1 Average Distance (m)","Player Load Band 1 Average Distance (Session) (m)","Player Load Band 1 Average Duration","Player Load Band 1 Average Duration (Session)","Player Load Band 1 Distance %","Player Load Band 1 Duration %","Player Load Band 1 Total Distance (m)","Player Load Band 1 Total Duration","Player Load Band 1 Total Player Load","Player Load Band 2 Average Distance (m)","Player Load Band 2 Average Distance (Session) (m)","Player Load Band 2 Average Duration","Player Load Band 2 Average Duration (Session)","Player Load Band 2 Average Effort Count","Player Load Band 2 Average Effort Count (Session)","Player Load Band 2 Distance %","Player Load Band 2 Duration %","Player Load Band 2 Total Distance (m)","Player Load Band 2 Total Duration","Player Load Band 2 Total Effort Count","Player Load Band 2 Total Player Load","Player Load Band 3 Average Distance (m)","Player Load Band 3 Average Distance (Session) (m)","Player Load Band 3 Average Duration","Player Load Band 3 Average Duration (Session)","Player Load Band 3 Average Effort Count","Player Load Band 3 Average Effort Count (Session)","Player Load Band 3 Distance %","Player Load Band 3 Duration %","Player Load Band 3 Total Distance (m)","Player Load Band 3 Total Duration","Player Load Band 3 Total Effort Count","Player Load Band 3 Total Player Load","Player Load Band 4 Average Distance (m)","Player Load Band 4 Average Distance (Session) (m)","Player Load Band 4 Average Duration","Player Load Band 4 Average Duration (Session)","Player Load Band 4 Average Effort Count","Player Load Band 4 Average Effort Count (Session)","Player Load Band 4 Distance %","Player Load Band 4 Duration %","Player Load Band 4 Total Distance (m)","Player Load Band 4 Total Duration","Player Load Band 4 Total Effort Count","Player Load Band 4 Total Player Load","Player Load Band 5 Average Distance (m)","Player Load Band 5 Average Distance (Session) (m)","Player Load Band 5 Average Duration","Player Load Band 5 Average Duration (Session)","Player Load Band 5 Average Effort Count","Player Load Band 5 Average Effort Count (Session)","Player Load Band 5 Distance %","Player Load Band 5 Duration %","Player Load Band 5 Total Distance (m)","Player Load Band 5 Total Duration","Player Load Band 5 Total Effort Count","Player Load Band 5 Total Player Load","Player Load Band 6 Average Distance (m)","Player Load Band 6 Average Distance (Session) (m)","Player Load Band 6 Average Duration","Player Load Band 6 Average Duration (Session)","Player Load Band 6 Average Effort Count","Player Load Band 6 Average Effort Count (Session)","Player Load Band 6 Distance %","Player Load Band 6 Duration %","Player Load Band 6 Total Distance (m)","Player Load Band 6 Total Duration","Player Load Band 6 Total Effort Count","Player Load Band 6 Total Player Load","Player Load Band 7 Average Distance (m)","Player Load Band 7 Average Distance (Session) (m)","Player Load Band 7 Average Duration","Player Load Band 7 Average Duration (Session)","Player Load Band 7 Average Effort Count","Player Load Band 7 Average Effort Count (Session)","Player Load Band 7 Distance %","Player Load Band 7 Duration %","Player Load Band 7 Total Distance (m)","Player Load Band 7 Total Duration","Player Load Band 7 Total Effort Count","Player Load Band 7 Total Player Load","Player Load Band 8 Average Distance (m)","Player Load Band 8 Average Distance (Session) (m)","Player Load Band 8 Average Duration","Player Load Band 8 Average Duration (Session)","Player Load Band 8 Average Effort Count","Player Load Band 8 Average Effort Count (Session)","Player Load Band 8 Distance %","Player Load Band 8 Duration %","Player Load Band 8 Total Distance (m)","Player Load Band 8 Total Duration","Player Load Band 8 Total Effort Count","Player Load Band 8 Total Player Load","Average GNSS Quality","Average HDOP","Average Satellite Count","Maximum GNSS Quality","Maximum HDOP","Maximum Satellite Count","Minimum GNSS Quality","Minimum HDOP","Minimum Satellite Count",RHIE,"RHIE Bout Recovery - Max","RHIE Bout Recovery - Mean","RHIE Bout Recovery - Min","RHIE Effort Duration - Max","RHIE Effort Duration - Mean","RHIE Effort Duration - Min","RHIE Effort Recovery - Max","RHIE Effort Recovery - Mean","RHIE Effort Recovery - Min","RHIE Efforts Per Bout - Max","RHIE Efforts Per Bout - Mean","RHIE Efforts Per Bout - Min",Footstrikes,"Running Deviation","Running Imbalance","Running Series Count","Tackle Band 1 Average Duration","Tackle Band 1 Count","Tackle Band 2 Average Duration","Tackle Band 2 Count","Tackle Band 3 Average Duration","Tackle Band 3 Count","Tackle Band 4 Average Duration","Tackle Band 4 Count","Tackle Band 5 Average Duration","Tackle Band 5 Count","Tackle Band 6 Average Duration","Tackle Band 6 Count","Tackle Band 7 Average Duration","Tackle Band 7 Count","Tackle Band 8 Average Duration","Tackle Band 8 Count","HS Dist Per Min (m)","HS Distance (m)","Sprint Dist Per Min (m)","Velocity B2+ Average Effort Distance (Gen 2) (m)","Velocity B2+ Total # Efforts (Gen 2)","Velocity B3+ Average Effort Distance (Gen 2) (m)","Velocity B3+ Total # Efforts (Gen 2)","Velocity B4+ Average Effort Distance (Gen 2) (m)","Velocity B4+ Maximum Effort Distance (Gen 2) (m)","Velocity B4+ Minimum Effort Distance (Gen 2) (m)","Velocity B4+ Total # Efforts (Gen 2)","Velocity B5+ Average Effort Distance (Gen 2) (m)","Velocity B5+ Maximum Effort Distance (Gen 2) (m)","Velocity B5+ Minimum Effort Distance (Gen 2) (m)","Velocity B5+ Total # Efforts (Gen 2)","Velocity B6+ Average Effort Distance (Gen 2) (m)","Velocity B6+ Maximum Effort Distance (Gen 2) (m)","Velocity B6+ Minimum Effort Distance (Gen 2) (m)","Velocity B6+ Total # Efforts (Gen 2)","Velocity B7+ Average Effort Distance (Gen 2) (m)","Velocity B7+ Maximum Effort Distance (Gen 2) (m)","Velocity B7+ Minimum Effort Distance (Gen 2) (m)","Velocity B7+ Total # Efforts (Gen 2)","Velocity B8 Average Effort Distance (Gen 2) (m)","Velocity B8 Maximum Effort Distance (Gen 2) (m)","Velocity B8 Minimum Effort Distance (Gen 2) (m)","Velocity B8 Total # Efforts (Gen 2)","Velocity Band 1 Average Distance (m)","Velocity Band 1 Average Distance (Session) (m)","Velocity Band 1 Average Duration","Velocity Band 1 Average Duration (Session)","Velocity Band 1 Distance %","Velocity Band 1 Duration %","Velocity Band 1 Total Distance (m)","Velocity Band 1 Total Duration","Velocity Band 2 Average Distance (m)","Velocity Band 2 Average Distance (Session) (m)","Velocity Band 2 Average Duration","Velocity Band 2 Average Duration (Session)","Velocity Band 2 Distance %","Velocity Band 2 Duration %","Velocity Band 2 Total Distance (m)","Velocity Band 2 Total Duration","Velocity Band 3 Average Distance (m)","Velocity Band 3 Average Distance (Session) (m)","Velocity Band 3 Average Duration","Velocity Band 3 Average Duration (Session)","Velocity Band 3 Distance %","Velocity Band 3 Duration %","Velocity Band 3 Total Distance (m)","Velocity Band 3 Total Duration","Velocity Band 4 Average Distance (m)","Velocity Band 4 Average Distance (Session) (m)","Velocity Band 4 Average Duration","Velocity Band 4 Average Duration (Session)","Velocity Band 4 Distance %","Velocity Band 4 Duration %","Velocity Band 4 Total Distance (m)","Velocity Band 4 Total Duration","Velocity Band 5 Average Distance (m)","Velocity Band 5 Average Distance (Session) (m)","Velocity Band 5 Average Duration","Velocity Band 5 Average Duration (Session)","Velocity Band 5 Distance %","Velocity Band 5 Duration %","Velocity Band 5 Total Distance (m)","Velocity Band 5 Total Duration","Velocity Band 6 Average Distance (m)","Velocity Band 6 Average Distance (Session) (m)","Velocity Band 6 Average Duration","Velocity Band 6 Average Duration (Session)","Velocity Band 6 Distance %","Velocity Band 6 Duration %","Velocity Band 6 Total Distance (m)","Velocity Band 6 Total Duration","Velocity Band 7 Average Distance (m)","Velocity Band 7 Average Distance (Session) (m)","Velocity Band 7 Average Duration","Velocity Band 7 Average Duration (Session)","Velocity Band 7 Distance %","Velocity Band 7 Duration %","Velocity Band 7 Total Distance (m)","Velocity Band 7 Total Duration","Velocity Band 8 Average Distance (m)","Velocity Band 8 Average Distance (Session) (m)","Velocity Band 8 Average Duration","Velocity Band 8 Average Duration (Session)","Velocity Band 8 Distance %","Velocity Band 8 Duration %","Velocity Band 8 Total Distance (m)","Velocity Band 8 Total Duration","Velocity B2+ Average Effort Distance (Gen 2) (Set 2) (m)","Velocity B2+ Total # Efforts (Gen 2) (Set 2)","Velocity B3+ Average Effort Distance (Gen 2) (Set 2) (m)","Velocity B3+ Total # Efforts (Gen 2) (Set 2)","Velocity B4+ Average Effort Distance (Gen 2) (Set 2) (m)","Velocity B4+ Maximum Effort Distance (Gen 2) (Set 2) (m)","Velocity B4+ Minimum Effort Distance (Gen 2) (Set 2) (m)","Velocity B4+ Total # Efforts (Gen 2) (Set 2)","Velocity B5+ Average Effort Distance (Gen 2) (Set 2) (m)","Velocity B5+ Maximum Effort Distance (Gen 2) (Set 2) (m)","Velocity B5+ Minimum Effort Distance (Gen 2) (Set 2) (m)","Velocity B5+ Total # Efforts (Gen 2) (Set 2)","Velocity B6+ Average Effort Distance (Gen 2) (Set 2) (m)","Velocity B6+ Maximum Effort Distance (Gen 2) (Set 2) (m)","Velocity B6+ Minimum Effort Distance (Gen 2) (Set 2) (m)","Velocity B6+ Total # Efforts (Gen 2) (Set 2)","Velocity B7+ Average Effort Distance (Gen 2) (Set 2) (m)","Velocity B7+ Maximum Effort Distance (Gen 2) (Set 2) (m)","Velocity B7+ Minimum Effort Distance (Gen 2) (Set 2) (m)","Velocity B7+ Total # Efforts (Gen 2) (Set 2)","Velocity B8 Average Effort Distance (Gen 2) (Set 2) (m)","Velocity B8 Maximum Effort Distance (Gen 2) (Set 2) (m)","Velocity B8 Minimum Effort Distance (Gen 2) (Set 2) (m)","Velocity B8 Total # Efforts (Gen 2) (Set 2)","Velocity Band 1 Average Distance (Session) (Set 2) (m)","Velocity Band 1 Average Distance (Set 2) (m)","Velocity Band 1 Distance % (Set 2)","Velocity Band 1 Total Distance (Set 2) (m)","Velocity Band 2 Average Distance (Session) (Set 2) (m)","Velocity Band 2 Average Distance (Set 2) (m)","Velocity Band 2 Distance % (Set 2)","Velocity Band 2 Total Distance (Set 2) (m)","Velocity Band 3 Average Distance (Session) (Set 2) (m)","Velocity Band 3 Average Distance (Set 2) (m)","Velocity Band 3 Distance % (Set 2)","Velocity Band 3 Total Distance (Set 2) (m)","Velocity Band 4 Average Distance (Session) (Set 2) (m)","Velocity Band 4 Average Distance (Set 2) (m)","Velocity Band 4 Distance % (Set 2)","Velocity Band 4 Total Distance (Set 2) (m)","Velocity Band 5 Average Distance (Session) (Set 2) (m)","Velocity Band 5 Average Distance (Set 2) (m)","Velocity Band 5 Distance % (Set 2)","Velocity Band 5 Total Distance (Set 2) (m)","Velocity Band 6 Average Distance (Session) (Set 2) (m)","Velocity Band 6 Average Distance (Set 2) (m)","Velocity Band 6 Distance % (Set 2)","Velocity Band 6 Total Distance (Set 2) (m)","Velocity Band 7 Average Distance (Session) (Set 2) (m)","Velocity Band 7 Average Distance (Set 2) (m)","Velocity Band 7 Distance % (Set 2)","Velocity Band 7 Total Distance (Set 2) (m)","Velocity Band 8 Average Distance (Session) (Set 2) (m)","Velocity Band 8 Average Distance (Set 2) (m)","Velocity Band 8 Distance % (Set 2)","Velocity Band 8 Total Distance (Set 2) (m)","Average Dive Count","Average Dive Load Centre High Intensity (Session)","Average Dive Load Centre Low Intensity (Session)","Average Dive Load Centre Med Intensity (Session)","Average Dive Load High Intensity (Session)","Average Dive Load Left High Intensity (Session)","Average Dive Load Left Low Intensity (Session)","Average Dive Load Left Med Intensity (Session)","Average Dive Load Low Intensity (Session)","Average Dive Load Med Intensity (Session)","Average Dive Load Right High Intensity (Session)","Average Dive Load Right Low Intensity (Session)","Average Dive Load Right Med Intensity (Session)","Average Impact Dive Load Centre High Intensity","Average Impact Dive Load Centre Low Intensity","Average Impact Dive Load Centre Med Intensity","Average Impact Dive Load Left High Intensity","Average Impact Dive Load Left Low Intensity","Average Impact Dive Load Left Med Intensity","Average Impact Dive Load Right High Intensity","Average Impact Dive Load Right Low Intensity","Average Impact Dive Load Right Med Intensity","Average Post Dive Load Centre High Intensity","Average Post Dive Load Centre Low Intensity","Average Post Dive Load Centre Med Intensity","Average Post Dive Load Left High Intensity","Average Post Dive Load Left Low Intensity","Average Post Dive Load Left Med Intensity","Average Post Dive Load Right High Intensity","Average Post Dive Load Right Low Intensity","Average Post Dive Load Right Med Intensity","Average Pre Dive Load Centre High Intensity","Average Pre Dive Load Centre Low Intensity","Average Pre Dive Load Centre Med Intensity","Average Pre Dive Load Left High Intensity","Average Pre Dive Load Left Low Intensity","Average Pre Dive Load Left Med Intensity","Average Pre Dive Load Right High Intensity","Average Pre Dive Load Right Low Intensity","Average Pre Dive Load Right Med Intensity","Average Time To Feet","Average Time to Feet Centre","Average Time to Feet Left","Average Time to Feet Right","Dive Centre Average Count (Session)","Dive Centre Count","Dive Left Average Count (Session)","Dive Left Count","Dive Load / min","Dive Load High Centre Average Count (Session)","Dive Load High Centre Count","Dive Load High Left Average Count (Session)","Dive Load High Left Count","Dive Load High Right Average Count (Session)","Dive Load High Right Count","Dive Load Low Centre Average Count (Session)","Dive Load Low Centre Count","Dive Load Low Left Average Count (Session)","Dive Load Low Left Count","Dive Load Low Right Average Count (Session)","Dive Load Low Right Count","Dive Load Med Centre Average Count (Session)","Dive Load Med Centre Count","Dive Load Med Left Average Count (Session)","Dive Load Med Left Count","Dive Load Med Right Average Count (Session)","Dive Load Med Right Count","Dive Right Average Count (Session)","Dive Right Count","Median Time To Feet","Time To Feet High Centre Average Count (Session)","Time To Feet High Centre Count","Time To Feet High Left Average Count (Session)","Time To Feet High Left Count","Time To Feet High Right Average Count (Session)","Time To Feet High Right Count","Time To Feet Low Centre Average Count (Session)","Time To Feet Low Centre Count","Time To Feet Low Left Average Count (Session)","Time To Feet Low Left Count","Time To Feet Low Right Average Count (Session)","Time To Feet Low Right Count","Time To Feet Med Centre Average Count (Session)","Time To Feet Med Centre Count","Time To Feet Med Left Average Count (Session)","Time To Feet Med Left Count","Time To Feet Med Right Average Count (Session)","Time To Feet Med Right Count","Total Dive Count","Total Dive Load","Total Dive Load Centre","Total Dive Load Centre High Intensity","Total Dive Load Centre Low Intensity","Total Dive Load Centre Med Intensity","Total Dive Load High Intensity","Total Dive Load Left","Total Dive Load Left High Intensity","Total Dive Load Left Low Intensity","Total Dive Load Left Med Intensity","Total Dive Load Low Intensity","Total Dive Load Med Intensity","Total Dive Load Right","Total Dive Load Right High Intensity","Total Dive Load Right Low Intensity","Total Dive Load Right Med Intensity","Total Impact Dive Load Centre High Intensity","Total Impact Dive Load Centre Low Intensity","Total Impact Dive Load Centre Med Intensity","Total Impact Dive Load Left High Intensity","Total Impact Dive Load Left Low Intensity","Total Impact Dive Load Left Med Intensity","Total Impact Dive Load Right High Intensity","Total Impact Dive Load Right Low Intensity","Total Impact Dive Load Right Med Intensity","Total Post Dive Load Centre High Intensity","Total Post Dive Load Centre Low Intensity","Total Post Dive Load Centre Med Intensity","Total Post Dive Load Left High Intensity","Total Post Dive Load Left Low Intensity","Total Post Dive Load Left Med Intensity","Total Post Dive Load Right High Intensity","Total Post Dive Load Right Low Intensity","Total Post Dive Load Right Med Intensity","Total Pre Dive Load Centre High Intensity","Total Pre Dive Load Centre Low Intensity","Total Pre Dive Load Centre Med Intensity","Total Pre Dive Load Left High Intensity","Total Pre Dive Load Left Low Intensity","Total Pre Dive Load Left Med Intensity","Total Pre Dive Load Right High Intensity","Total Pre Dive Load Right Low Intensity","Total Pre Dive Load Right Med Intensity"
"Ahmed Al-Shamrani",5,0.32787,3,2.71,00:00:00,3,3,2.71,00:00:00,3,0,0,00:00:00,0,0,0,00:00:00,0,0,0,00:00:00,0,2,1.46,00:00:01,2,2,1.46,00:00:01,2,0,0,00:00:00,0,0,0,00:00:00,0,0,0,00:00:00,0,3.46992,-2.85259,0.32265,4.32568,682.4953,682.4953,00:15:15,00:15:15,82.64429,31.53452,31.53452,31.47711,31.47711,57.81854,57.81854,0,49.42941,82.64429,67.51791,67.51791,2.68523,295.22552,34.47634,68.95268,2.78154,0.1824,1038.61511,1.52179,68.10591,83,50.25036,166,16.31205,44.75379,0,3.70861,26.09821,31.53452,26.05071,31.47711,47.85108,57.81854,49.42941,67.51791,0.12109,5.4193,295.22552,682.4953,00:15:15,82.64429,0.00843,0.00121,0,0,0,0,0,15.25,0,0,0,0,0,2,44.75379,0,0,00:00:38,4.15301,00:00:38,00:02:25,15.88306,00:02:25,00:04:54,32.13115,00:04:54,00:00:03,0.32787,00:00:03,00:00:39,4.2623,00:00:39,00:03:03,20.03607,00:03:03,00:00:42,4.59016,00:00:42,00:06:35,43.24262,00:06:35,0,0,0,0,6,0,0,1,0,0,1,0,0,1,0,0,8,1,0,12,4,0,6,0,0,2,0,0,2,1,0,2,1,0,11,0,0,2,0,0,0,0,0,0,0,0,0,0,0,0,0,0,0,0,18,0,0,26,5,0,6,2,0,0,0,0,0,0,6,6,6,0,0,0,0,0,0,0,0,0,0,0,0,0,0,0,0,0,0,0,0,0,0,0,84.89087,529.16479,19:46:28,19:45:28,318.09399,19:47:34,19:42:34,19:51:42,19:41:42,11.21158,19:46:41,19:45:41,38.10751,19:47:31,19:42:31,64.6973,19:51:41,19:41:41,1.09937,55.02813,750.31274,74.11,0.75381,3.15396,2.83965,582.17999,00:14:33,95.46448,13.33663,0,74.11,00:00:33,3.67213,24.18841,0,15.03,00:00:04,0.53552,37.90476,0,4.92,00:00:01,0.13115,49.41667,0,3.54,00:00:00,0.0765,65.33333,0,2.76,00:00:00,0.06557,0,0,0,00:00:00,0,0,0,0,00:00:00,0,77.13857,0,00:00:00,0,0,0,0,n/a,0,0,0,00:00:00,0,0,00:00:00,0,0,0,0,n/a,0,0,0,00:00:00,0,0,00:00:00,0,0,0,0,n/a,0,0,0,00:00:00,0,0,00:00:00,0,0,0,0,n/a,0,0,0,00:00:00,0,0,00:00:00,0,0,0,0,n/a,0,0,0,00:00:00,0,0,00:00:00,0,0,0,0,n/a,0,0,0,00:00:00,0,0,00:00:00,0,0,0,0,n/a,0,0,0,00:00:00,0,0,00:00:00,0,0,0,0,n/a,0,0,0,00:00:00,0,0,0,00:00:00,0,501.39001,501.39001,00:13:40,00:13:40,73.46424,89.65027,501.39001,00:13:40,48,164.19,164.19,00:01:28,00:01:28,0,0,24.05731,9.65027,164.19,00:01:28,0,31,13.35,13.35,00:00:04,00:00:04,0,0,1.95606,0.52459,13.35,00:00:04,0,3,3.3,3.3,00:00:01,00:00:01,0,0,0.48352,0.10929,3.3,00:00:01,0,1,0,0,00:00:00,00:00:00,0,0,0,0,0,00:00:00,0,0,0,0,00:00:00,00:00:00,0,0,0,0,0,00:00:00,0,0,0,0,00:00:00,00:00:00,0,0,0,0,0,00:00:00,0,0,0,0,00:00:00,00:00:00,0,0,0,0,0,00:00:00,0,0,70.27899,0.69044,15.96262,79.88261,0.96,16,59.09663,0.62,15,0,0,0,0,00:00:00,00:00:00,00:00:00,0,0,0,0,0,n/a,0,0,n/a,0,00:00:00,0,00:00:00,0,00:00:00,0,00:00:00,0,00:00:00,0,00:00:00,0,00:00:00,0,00:00:00,0,0,0,0,n/a,0,n/a,0,n/a,n/a,n/a,0,n/a,n/a,n/a,0,n/a,n/a,n/a,0,n/a,n/a,n/a,0,n/a,n/a,n/a,0,676.01001,676.01001,00:15:13,00:15:13,99.04977,99.80328,676.01001,00:15:13,6.54,6.54,00:00:01,00:00:01,0.95825,0.18579,6.54,00:00:01,0,0,00:00:00,00:00:00,0,0,0,00:00:00,0,0,00:00:00,00:00:00,0,0,0,00:00:00,0,0,00:00:00,00:00:00,0,0,0,00:00:00,0,0,00:00:00,00:00:00,0,0,0,00:00:00,0,0,00:00:00,00:00:00,0,0,0,00:00:00,0,0,00:00:00,00:00:00,0,0,0,00:00:00,n/a,0,n/a,0,n/a,n/a,n/a,0,n/a,n/a,n/a,0,n/a,n/a,n/a,0,n/a,n/a,n/a,0,n/a,n/a,n/a,0,676.01001,676.01001,99.04977,676.01001,6.54,6.54,0.95825,6.54,0,0,0,0,0,0,0,0,0,0,0,0,0,0,0,0,0,0,0,0,0,0,0,0,0,0,0,0,0,0,0,0,0,0,0,0,0,0,0,0,0,0,0,0,0,0,0,0,0,0,0,0,0,0,0,0,0,0,0,0,0,0,0,0,0,n/a,n/a,n/a,0,0,0,0,0,0,0,0,0,0,0,0,0,0,0,0,0,0,0,0,0,0,0,0,0,0,0,0,0,0,0,0,0,0,0,0,0,0,0,0,0,0,0,0,0,0,0,0,0,0,0,0,0,0,0,0,0,0,0,0,0,0,0,0,0,0,0,0,0,0,0,0,0,0,0,0,0,0,0,0,0,0,0,0,0,0,0,0
"Abdullah Al-Shanqiti",5,0.32787,1,8.05,00:00:02,1,2,8.97,00:00:02,2,1,0.92,00:00:00,1,1,0.92,00:00:00,1,0,0,00:00:00,0,2,2.5,00:00:03,2,3,2.84,00:00:03,3,1,0.34,00:00:00,1,1,0.34,00:00:00,1,0,0,00:00:00,0,3.60885,-3.93577,0.46333,4.92432,860.92981,860.92981,00:15:15,00:15:15,91.3867,39.48999,39.48999,35.17905,35.17905,60.70529,60.70529,0,58.74055,91.3867,64.02263,64.02263,3.38726,423.94926,54.13016,108.26031,3.34061,0.21906,1163.81567,1.35181,76.31578,67,51.88262,134,17.01318,56.45441,0,3.56497,29.17096,39.48999,25.9865,35.17905,44.84254,60.70529,58.74055,64.02263,0.10615,5.99257,423.94926,860.92981,00:15:15,91.3867,0.0129,0.00232,0,0,2,0,0,15.25,0,1,0,0,0,11,56.45441,0,2,00:01:02,6.77596,00:01:02,00:02:55,19.12568,00:02:55,00:05:20,35.00874,00:05:20,00:00:01,0.10929,00:00:01,00:00:21,2.29508,00:00:21,00:03:57,25.90164,00:03:57,00:00:22,2.40437,00:00:22,00:05:35,36.68525,00:05:35,0,2,0,0,5,0,0,5,1,0,2,0,0,4,0,0,9,3,0,9,2,0,6,2,1,7,7,1,7,1,0,6,1,0,4,2,0,8,0,0,0,0,0,0,0,0,0,0,0,0,0,0,0,0,14,3,0,24,7,2,20,9,0,0,0,0,0,0,3,3,3,0,0,0,0,0,0,0,0,0,0,0,0,0,0,0,0,0,0,0,0,0,1,0,81.34009,566.57202,19:46:56,19:45:56,365.53516,19:47:06,19:42:06,19:51:48,19:41:48,9.38254,19:46:57,19:45:57,36.59146,19:47:09,19:42:09,58.42197,19:51:52,19:41:52,1.15474,76.66351,994.14905,138.46001,0.99563,4.16571,3.388,661.56,00:13:53,91.04918,13.54755,0,138.46001,00:01:01,6.68852,24.41778,0,52.4,00:00:18,2,37.38889,0,3.85,00:00:01,0.10929,51.6,0,2.78,00:00:00,0.06557,64.2,0,1.85,00:00:00,0.03279,0,0,0,00:00:00,0,0,0,0,00:00:00,0,71.6851,0,00:00:00,0,0,0,0,n/a,0,0,0,00:00:00,0,0,00:00:00,0,0,0,0,n/a,0,0,0,00:00:00,0,0,00:00:00,0,0,0,0,n/a,0,0,0,00:00:00,0,0,00:00:00,0,0,0,0,n/a,0,0,0,00:00:00,0,0,00:00:00,0,0,0,0,n/a,0,0,0,00:00:00,0,0,00:00:00,0,0,0,0,n/a,0,0,0,00:00:00,0,0,00:00:00,0,0,0,0,n/a,0,0,0,00:00:00,0,0,00:00:00,0,0,0,0,n/a,0,0,0,00:00:00,0,0,0,00:00:00,0,665.92999,665.92999,00:13:32,00:13:32,77.35009,88.7541,665.92999,00:13:32,53,173.52,173.52,00:01:32,00:01:32,0,0,20.15495,10.06557,173.52,00:01:32,0,30,17.91,17.91,00:00:08,00:00:08,0,0,2.08031,0.92896,17.91,00:00:08,0,5,3.54,3.54,00:00:02,00:00:02,0,0,0.41118,0.21858,3.54,00:00:02,0,3,0,0,00:00:00,00:00:00,0,0,0,0,0,00:00:00,0,0,0,0,00:00:00,00:00:00,0,0,0,0,0,00:00:00,0,0,0,0,00:00:00,00:00:00,0,0,0,0,0,00:00:00,0,0,0,0,00:00:00,00:00:00,0,0,0,0,0,00:00:00,0,0,71.12201,0.70766,15.96787,84.50883,0.94,16,44.19762,0.62,15,0,0,0,0,00:00:00,00:00:00,00:00:00,0,0,0,0,0,n/a,0,0,n/a,0,00:00:00,0,00:00:00,0,00:00:00,0,00:00:00,0,00:00:00,0,00:00:00,0,00:00:00,0,00:00:00,0,0,0,0,3.76635,2,n/a,0,n/a,n/a,n/a,0,n/a,n/a,n/a,0,n/a,n/a,n/a,0,n/a,n/a,n/a,0,n/a,n/a,n/a,0,852.85999,852.85999,00:15:11,00:15:11,99.06266,99.6612,852.85999,00:15:11,8.04,8.04,00:00:02,00:00:02,0.93387,0.21858,8.04,00:00:02,0,0,00:00:00,00:00:00,0,0,0,00:00:00,0,0,00:00:00,00:00:00,0,0,0,00:00:00,0,0,00:00:00,00:00:00,0,0,0,00:00:00,0,0,00:00:00,00:00:00,0,0,0,00:00:00,0,0,00:00:00,00:00:00,0,0,0,00:00:00,0,0,00:00:00,00:00:00,0,0,0,00:00:00,3.76635,2,n/a,0,n/a,n/a,n/a,0,n/a,n/a,n/a,0,n/a,n/a,n/a,0,n/a,n/a,n/a,0,n/a,n/a,n/a,0,852.85999,852.85999,99.06266,852.85999,8.04,8.04,0.93387,8.04,0,0,0,0,0,0,0,0,0,0,0,0,0,0,0,0,0,0,0,0,0,0,0,0,0,0,0,0,0,0,0,0,0,0,0,0,0,0,0,0,0,0,0,0,0,0,0,0,0,0,0,0,0,0,0,0,0,0,0,0,0,0,0,0,0,n/a,n/a,n/a,0,0,0,0,0,0,0,0,0,0,0,0,0,0,0,0,0,0,0,0,0,0,0,0,0,0,0,0,0,0,0,0,0,0,0,0,0,0,0,0,0,0,0,0,0,0,0,0,0,0,0,0,0,0,0,0,0,0,0,0,0,0,0,0,0,0,0,0,0,0,0,0,0,0,0,0,0,0,0,0,0,0,0,0,0,0,0,0
"Loreintz Rosier",3,0.19672,3,7.41,00:00:02,3,3,8.53,00:00:02,3,0,1.12,00:00:00,0,0,1.12,00:00:00,0,0,0,00:00:00,0,0,0.77,00:00:01,0,0,0.77,00:00:01,0,0,0,00:00:00,0,0,0,00:00:00,0,0,0,00:00:00,0,3.00386,-2.34795,0.33868,5.16995,599.40808,599.40808,00:15:15,00:15:15,64.96648,27.6689,27.6689,24.3537,24.3537,43.75945,43.75945,0,40.96623,64.96648,55.59486,55.59486,2.35833,309.89072,0,0,1.64814,0.10807,915,1.52651,60,0,45.82564,0,14.20543,39.30545,0,3.23721,28.88736,27.6689,25.42616,24.3537,45.68648,43.75945,40.96623,55.59486,0.10838,4.2601,309.89072,599.40808,00:15:15,64.96648,0.00518,0.00033,0,0,4,0,0,15.25,0,0,0,0,0,3,39.30545,0,4,00:00:35,3.82514,00:00:35,00:02:11,14.31694,00:02:11,00:02:51,18.74426,00:02:51,00:00:02,0.21858,00:00:02,00:00:23,2.51366,00:00:23,00:02:46,18.14208,00:02:46,00:00:25,2.73224,00:00:25,00:09:12,60.38142,00:09:12,0,2,0,0,9,1,1,3,1,0,1,0,0,2,0,0,2,2,1,9,1,0,22,1,0,3,1,1,2,0,1,2,0,0,9,1,0,5,0,0,0,0,0,0,0,0,0,0,0,0,0,0,0,1,21,3,1,33,4,2,7,1,0,0,0,0,0,0,3,3,3,0,0,0,0,0,0,0,0,0,0,0,0,0,0,0,0,0,0,0,0,0,0,0,82.82007,400.32813,19:52:57,19:51:57,230.24292,19:56:23,19:51:23,19:52:59,19:42:59,8.22986,19:52:56,19:51:56,25.30597,19:56:23,19:51:23,43.57108,19:56:17,19:46:17,1.1178,54.65874,670.01801,59.09,0.66657,2.78894,2.48567,516.08002,00:14:37,95.93442,13.27966,0,59.09,00:00:28,3.12568,24.12195,0,15.96,00:00:06,0.65574,39.8,0,4.06,00:00:01,0.12022,46.25,0,2.63,00:00:00,0.0765,69,0,1.54,00:00:00,0.03279,0,0,0,00:00:00,0,0,0,0,00:00:00,0,77.8594,0,00:00:00,0,0,0,0,n/a,0,0,0,00:00:00,0,0,00:00:00,0,0,0,0,n/a,0,0,0,00:00:00,0,0,00:00:00,0,0,0,0,n/a,0,0,0,00:00:00,0,0,00:00:00,0,0,0,0,n/a,0,0,0,00:00:00,0,0,00:00:00,0,0,0,0,n/a,0,0,0,00:00:00,0,0,00:00:00,0,0,0,0,n/a,0,0,0,00:00:00,0,0,00:00:00,0,0,0,0,n/a,0,0,0,00:00:00,0,0,00:00:00,0,0,0,0,n/a,0,0,0,00:00:00,0,0,0,00:00:00,0,480.57999,480.57999,00:14:01,00:14:01,80.17576,91.93443,480.57999,00:14:01,38,106.82,106.82,00:01:07,00:01:07,0,0,17.82091,7.39891,106.82,00:01:07,0,22,11.19,11.19,00:00:05,00:00:05,0,0,1.86684,0.61202,11.19,00:00:05,0,4,0.77,0.77,00:00:00,00:00:00,0,0,0.12846,0.02186,0.77,00:00:00,0,0,0,0,00:00:00,00:00:00,0,0,0,0,0,00:00:00,0,0,0,0,00:00:00,00:00:00,0,0,0,0,0,00:00:00,0,0,0,0,00:00:00,00:00:00,0,0,0,0,0,00:00:00,0,0,0,0,00:00:00,00:00:00,0,0,0,0,0,00:00:00,0,0,71.54101,0.70096,15.98219,84.44293,1.02,16,52.44328,0.61,15,0,0,0,0,00:00:00,00:00:00,00:00:00,0,0,0,0,0,n/a,0,0,n/a,0,00:00:00,0,00:00:00,0,00:00:00,0,00:00:00,0,00:00:00,0,00:00:00,0,00:00:00,0,00:00:00,0,0,0,0,n/a,0,n/a,0,n/a,n/a,n/a,0,n/a,n/a,n/a,0,n/a,n/a,n/a,0,n/a,n/a,n/a,0,n/a,n/a,n/a,0,598.82001,598.82001,00:15:14,00:15:14,99.90189,99.97814,598.82001,00:15:14,0.54,0.54,00:00:00,00:00:00,0.09009,0.01093,0.54,00:00:00,0,0,00:00:00,00:00:00,0,0,0,00:00:00,0,0,00:00:00,00:00:00,0,0,0,00:00:00,0,0,00:00:00,00:00:00,0,0,0,00:00:00,0,0,00:00:00,00:00:00,0,0,0,00:00:00,0,0,00:00:00,00:00:00,0,0,0,00:00:00,0,0,00:00:00,00:00:00,0,0,0,00:00:00,n/a,0,n/a,0,n/a,n/a,n/a,0,n/a,n/a,n/a,0,n/a,n/a,n/a,0,n/a,n/a,n/a,0,n/a,n/a,n/a,0,598.82001,598.82001,99.90189,598.82001,0.54,0.54,0.09009,0.54,0,0,0,0,0,0,0,0,0,0,0,0,0,0,0,0,0,0,0,0,0,0,0,0,0,0,0,0,0,0,0,0,0,0,0,0,0,0,0,0,0,0,0,0,0,0,0,0,0,0,0,0,0,0,0,0,0,0,0,0,0,0,0,0,0,n/a,n/a,n/a,0,0,0,0,0,0,0,0,0,0,0,0,0,0,0,0,0,0,0,0,0,0,0,0,0,0,0,0,0,0,0,0,0,0,0,0,0,0,0,0,0,0,0,0,0,0,0,0,0,0,0,0,0,0,0,0,0,0,0,0,0,0,0,0,0,0,0,0,0,0,0,0,0,0,0,0,0,0,0,0,0,0,0,0,0,0,0,0
"Mohammed Al-Yami",7,0.45902,3,10.24,00:00:03,3,3,10.94,00:00:03,3,0,0.7,00:00:00,0,0,0.7,00:00:00,0,0,0,00:00:00,0,4,4.45,00:00:04,4,4,4.55,00:00:04,4,0,0.1,00:00:00,0,0,0.1,00:00:00,0,0,0,00:00:00,0,2.7997,-3.13223,0.46155,4.14182,1019.64471,1019.64471,00:15:15,00:15:15,116.10592,40.52103,40.52103,43.88474,43.88474,84.28574,84.28574,0,66.0224,116.10592,63.56908,63.56908,4.01172,422.31876,36.72275,73.4455,5.24179,0.34372,1025.00537,1.00526,67.21347,64,43.0637,128,14.58159,66.86195,0,3.26933,24.02079,40.52103,26.01479,43.88474,49.96442,84.28574,66.0224,63.56908,0.11387,7.6135,422.31876,1019.64471,00:15:15,116.10592,0.04468,0.00089,0,0,7,0,0,15.25,0,1,0,0,1,15,66.86195,0,7,00:01:12,7.86885,00:01:12,00:03:22,22.10273,00:03:22,00:05:05,33.33333,00:05:05,00:00:04,0.43716,00:00:04,00:01:02,6.77596,00:01:02,00:04:34,29.97159,00:04:34,00:01:06,7.21311,00:01:06,00:04:29,29.48197,00:04:29,0,1,1,0,16,1,0,4,2,0,1,0,0,2,0,0,13,2,0,26,2,0,11,1,2,4,2,5,3,2,0,8,4,0,13,7,0,4,1,0,0,0,0,0,0,0,0,0,0,0,0,0,0,0,33,10,0,50,5,7,15,8,0,0,0,0,0,0,19,19,19,0,0,0,0,0,0,0,0,0,0,0,0,0,0,0,0,0,0,0,0,0,1,0,113.06592,718.47925,19:43:39,19:42:39,414.29688,19:47:39,19:42:39,19:51:39,19:41:39,13.19028,19:43:39,19:42:39,46.42545,19:47:39,19:42:39,84.46899,19:51:38,19:41:38,1.14507,95.30946,1167.56165,261.95999,1.17666,4.92315,3.5109,663.62,00:13:02,85.54098,13.5602,0,261.95999,00:01:42,11.15847,25.35505,0,75.99,00:00:24,2.69945,37.67241,0,13.05,00:00:03,0.4153,48.05882,0,3.54,00:00:00,0.09836,64.6,0,1.55,00:00:00,0.03279,0,0,0,00:00:00,0,0,0,0,00:00:00,0,73.44104,0,00:00:00,0,0,0,0,n/a,0,0,0,00:00:00,0,0,00:00:00,0,0,0,0,n/a,0,0,0,00:00:00,0,0,00:00:00,0,0,0,0,n/a,0,0,0,00:00:00,0,0,00:00:00,0,0,0,0,n/a,0,0,0,00:00:00,0,0,00:00:00,0,0,0,0,n/a,0,0,0,00:00:00,0,0,00:00:00,0,0,0,0,n/a,0,0,0,00:00:00,0,0,00:00:00,0,0,0,0,n/a,0,0,0,00:00:00,0,0,00:00:00,0,0,0,0,n/a,0,0,0,00:00:00,0,0,0,00:00:00,0,583.12,583.12,00:12:06,00:12:06,57.18855,79.39891,583.12,00:12:06,50,409.28,409.28,00:02:57,00:02:57,0,0,40.13947,19.34426,409.28,00:02:57,0,58,25.13,25.13,00:00:10,00:00:10,0,0,2.46458,1.13661,25.13,00:00:10,0,7,2.08,2.08,00:00:00,00:00:00,0,0,0.20399,0.0765,2.08,00:00:00,0,1,0,0,00:00:00,00:00:00,0,0,0,0,0,00:00:00,0,0,0,0,00:00:00,00:00:00,0,0,0,0,0,00:00:00,0,0,0,0,00:00:00,00:00:00,0,0,0,0,0,00:00:00,0,0,0,0,00:00:00,00:00:00,0,0,0,0,0,00:00:00,0,0,70.08969,0.70476,15.98787,83.55019,0.97,16,50.10476,0.62,15,0,0,0,0,00:00:00,00:00:00,00:00:00,0,0,0,0,0,n/a,0,0,n/a,0,00:00:00,0,00:00:00,0,00:00:00,0,00:00:00,0,00:00:00,0,00:00:00,0,00:00:00,0,00:00:00,0,0,0,0,n/a,0,n/a,0,n/a,n/a,n/a,0,n/a,n/a,n/a,0,n/a,n/a,n/a,0,n/a,n/a,n/a,0,n/a,n/a,n/a,0,1014.82001,1014.82001,00:15:13,00:15:13,99.52682,99.84699,1014.82001,00:15:13,4.88,4.88,00:00:01,00:00:01,0.4786,0.14208,4.88,00:00:01,0,0,00:00:00,00:00:00,0,0,0,00:00:00,0,0,00:00:00,00:00:00,0,0,0,00:00:00,0,0,00:00:00,00:00:00,0,0,0,00:00:00,0,0,00:00:00,00:00:00,0,0,0,00:00:00,0,0,00:00:00,00:00:00,0,0,0,00:00:00,0,0,00:00:00,00:00:00,0,0,0,00:00:00,n/a,0,n/a,0,n/a,n/a,n/a,0,n/a,n/a,n/a,0,n/a,n/a,n/a,0,n/a,n/a,n/a,0,n/a,n/a,n/a,0,1014.82001,1014.82001,99.52682,1014.82001,4.88,4.88,0.4786,4.88,0,0,0,0,0,0,0,0,0,0,0,0,0,0,0,0,0,0,0,0,0,0,0,0,0,0,0,0,0,0,0,0,0,0,0,0,0,0,0,0,0,0,0,0,0,0,0,0,0,0,0,0,0,0,0,0,0,0,0,0,0,0,0,0,0,n/a,n/a,n/a,0,0,0,0,0,0,0,0,0,0,0,0,0,0,0,0,0,0,0,0,0,0,0,0,0,0,0,0,0,0,0,0,0,0,0,0,0,0,0,0,0,0,0,0,0,0,0,0,0,0,0,0,0,0,0,0,0,0,0,0,0,0,0,0,0,0,0,0,0,0,0,0,0,0,0,0,0,0,0,0,0,0,0,0,0,0,0,0
"Sultan Tanker",10,0.65574,3,11.76,00:00:03,3,3,11.76,00:00:03,3,0,0,00:00:00,0,0,0,00:00:00,0,0,0,00:00:00,0,7,4.41,00:00:04,7,7,4.41,00:00:04,7,0,0,00:00:00,0,0,0,00:00:00,0,0,0,00:00:00,0,3.3731,-3.0681,0.44369,4.73056,858.19958,858.19958,00:15:15,00:15:15,116.95931,43.84973,43.84973,42.95766,42.95766,82.97952,82.97952,0,68.23866,116.95931,71.32137,71.32137,3.37652,405.97632,12.46578,24.93155,3.50091,0.22957,915,1.06619,60,24,50.53675,48,15.42744,56.27538,0,3.79626,25.82633,43.84973,25.30092,42.95766,48.87274,82.97952,68.23866,71.32137,0.13628,7.66946,405.97632,858.19958,00:15:15,116.95931,0.03334,0.00313,0,0,2,0,0,15.25,0,1,0,0,4,11,56.27538,0,2,00:01:28,9.61749,00:01:28,00:02:43,17.81421,00:02:43,00:05:02,33.00546,00:05:02,00:00:18,1.96721,00:00:18,00:00:42,4.59016,00:00:42,00:04:11,27.43169,00:04:11,00:01:00,6.55738,00:01:00,00:05:02,33.00546,00:05:02,0,2,2,0,6,1,0,3,1,0,2,0,0,2,2,0,2,1,0,6,1,1,4,4,1,6,5,0,7,5,0,3,0,0,10,0,0,6,4,0,0,0,0,0,0,0,0,0,0,0,0,0,0,0,19,2,1,12,6,1,16,10,0,0,0,0,0,0,9,9,9,0,0,0,0,0,0,0,0,0,0,0,0,0,0,0,0,0,0,0,0,0,1,0,108.41602,620.16992,19:47:06,19:46:06,367.39282,19:47:23,19:42:23,19:53:10,19:43:10,16.46512,19:47:02,19:46:02,49.01059,19:47:23,19:42:23,83.59903,19:52:29,19:42:29,1.16402,78.61074,998.96057,184.66,1.00783,4.21675,3.05054,588.22998,00:13:32,88.77595,13.69126,0,184.66,00:01:15,8.22951,24.92171,0,68.6,00:00:22,2.4918,38.42222,0,11.65,00:00:03,0.3388,50.53846,0,3.65,00:00:00,0.08743,61,0,1.37,00:00:00,0.02186,0,0,0,00:00:00,0,0,0,0,00:00:00,0,62.28561,0,00:00:00,0,0,0,0,n/a,0,0,0,00:00:00,0,0,00:00:00,0,0,0,0,n/a,0,0,0,00:00:00,0,0,00:00:00,0,0,0,0,n/a,0,0,0,00:00:00,0,0,00:00:00,0,0,0,0,n/a,0,0,0,00:00:00,0,0,00:00:00,0,0,0,0,n/a,0,0,0,00:00:00,0,0,00:00:00,0,0,0,0,n/a,0,0,0,00:00:00,0,0,00:00:00,0,0,0,0,n/a,0,0,0,00:00:00,0,0,00:00:00,0,0,0,0,n/a,0,0,0,00:00:00,0,0,0,00:00:00,0,460.32999,460.32999,00:12:06,00:12:06,53.63904,79.40983,460.32999,00:12:06,44,347.39999,347.39999,00:02:48,00:02:48,0,0,40.48009,18.42623,347.39999,00:02:48,0,59,42.85,42.85,00:00:16,00:00:16,0,0,4.99301,1.83607,42.85,00:00:16,0,10,7.58,7.58,00:00:02,00:00:02,0,0,0.88324,0.29508,7.58,00:00:02,0,3,0,0,00:00:00,00:00:00,0,0,0,0,0,00:00:00,0,0,0,0,00:00:00,00:00:00,0,0,0,0,0,00:00:00,0,0,0,0,00:00:00,00:00:00,0,0,0,0,0,00:00:00,0,0,0,0,00:00:00,00:00:00,0,0,0,0,0,00:00:00,0,0,69.86848,0.6942,15.97781,75.95456,0.96,16,61.8918,0.62,15,0,0,0,0,00:00:00,00:00:00,00:00:00,0,0,0,0,0,n/a,0,0,n/a,0,00:00:00,0,00:00:00,0,00:00:00,0,00:00:00,0,00:00:00,0,00:00:00,0,00:00:00,0,00:00:00,0,0,0,0,n/a,0,n/a,0,n/a,n/a,n/a,0,n/a,n/a,n/a,0,n/a,n/a,n/a,0,n/a,n/a,n/a,0,n/a,n/a,n/a,0,851.53998,851.53998,00:15:13,00:15:13,99.224,99.79235,851.53998,00:15:13,6.62,6.62,00:00:01,00:00:01,0.77138,0.19672,6.62,00:00:01,0,0,00:00:00,00:00:00,0,0,0,00:00:00,0,0,00:00:00,00:00:00,0,0,0,00:00:00,0,0,00:00:00,00:00:00,0,0,0,00:00:00,0,0,00:00:00,00:00:00,0,0,0,00:00:00,0,0,00:00:00,00:00:00,0,0,0,00:00:00,0,0,00:00:00,00:00:00,0,0,0,00:00:00,n/a,0,n/a,0,n/a,n/a,n/a,0,n/a,n/a,n/a,0,n/a,n/a,n/a,0,n/a,n/a,n/a,0,n/a,n/a,n/a,0,851.53998,851.53998,99.224,851.53998,6.62,6.62,0.77138,6.62,0,0,0,0,0,0,0,0,0,0,0,0,0,0,0,0,0,0,0,0,0,0,0,0,0,0,0,0,0,0,0,0,0,0,0,0,0,0,0,0,0,0,0,0,0,0,0,0,0,0,0,0,0,0,0,0,0,0,0,0,0,0,0,0,0,n/a,n/a,n/a,0,0,0,0,0,0,0,0,0,0,0,0,0,0,0,0,0,0,0,0,0,0,0,0,0,0,0,0,0,0,0,0,0,0,0,0,0,0,0,0,0,0,0,0,0,0,0,0,0,0,0,0,0,0,0,0,0,0,0,0,0,0,0,0,0,0,0,0,0,0,0,0,0,0,0,0,0,0,0,0,0,0,0,0,0,0,0,0
"Abdulrahman Al-Dakheel",15,0.98361,5,11.88,00:00:03,5,5,13.19,00:00:04,5,0,1.31,00:00:00,0,0,1.31,00:00:00,0,0,0,00:00:00,0,9,7.08,00:00:06,9,10,8.35,00:00:07,10,1,1.27,00:00:00,1,1,1.27,00:00:00,1,0,0,00:00:00,0,3.3685,-3.60743,0.44705,5.18322,789.18884,789.18884,00:15:15,00:15:15,84.92443,33.81569,33.81569,31.12162,31.12162,59.73645,59.73645,0,50.80743,84.92443,48.40111,48.40111,3.10501,409.05416,36.49793,72.99586,2.85928,0.18749,958.42279,1.21444,62.8474,49.5,46.65702,99,15.97619,51.75009,0,3.66286,27.12334,33.81569,24.96245,31.12162,47.91421,59.73645,50.80743,48.40111,0.10761,5.56882,409.05416,789.18884,00:15:15,84.92443,0.02983,0.00345,0,0,6,0,0,15.25,0,5,0,0,2,10,51.75009,0,6,00:00:55,6.01093,00:00:55,00:02:19,15.19126,00:02:19,00:03:17,21.53005,00:03:17,00:00:03,0.32787,00:00:03,00:00:42,4.59016,00:00:42,00:03:14,21.20219,00:03:14,00:00:45,4.91803,00:00:45,00:07:59,52.34973,00:07:59,0,0,0,0,4,1,0,6,0,0,3,0,0,1,2,1,9,0,1,11,1,0,5,2,1,3,2,2,3,1,1,5,3,0,10,2,0,4,2,0,0,0,0,0,0,0,0,0,0,0,0,0,0,0,20,3,2,25,3,4,11,6,0,0,0,0,0,0,22,22,22,0,0,0,0,0,0,0,0,0,0,0,0,0,0,0,0,0,0,0,0,0,4,1,90.70703,575.16113,19:46:34,19:45:34,349.90015,19:47:26,19:42:26,19:51:11,19:41:11,10.58499,19:46:35,19:45:35,37.68753,19:47:27,19:42:27,63.35721,19:51:10,19:41:10,1.20087,72.53325,947.71295,159.02,0.96711,4.04641,2.74224,527.71997,00:13:36,89.25683,13.84547,0,159.02,00:01:05,7.15847,25.20807,0,77.54,00:00:25,2.8306,37.58065,0,15.87,00:00:04,0.46995,49.69565,0,5.96,00:00:01,0.16393,63,0,3.06,00:00:00,0.06557,0,0,0,00:00:00,0,0,0,0,00:00:00,0,69.02695,0,00:00:00,0,0,0,0,n/a,0,0,0,00:00:00,0,0,00:00:00,0,0,0,0,n/a,0,0,0,00:00:00,0,0,00:00:00,0,0,0,0,n/a,0,0,0,00:00:00,0,0,00:00:00,0,0,0,0,n/a,0,0,0,00:00:00,0,0,00:00:00,0,0,0,0,n/a,0,0,0,00:00:00,0,0,00:00:00,0,0,0,0,n/a,0,0,0,00:00:00,0,0,00:00:00,0,0,0,0,n/a,0,0,0,00:00:00,0,0,00:00:00,0,0,0,0,n/a,0,0,0,00:00:00,0,0,0,00:00:00,0,565.38,565.38,00:13:36,00:13:36,71.64065,89.26776,565.38,00:13:36,47,188.59,188.59,00:01:23,00:01:23,0,0,23.89669,9.07104,188.59,00:01:23,0,26,28.72,28.72,00:00:11,00:00:11,0,0,3.63918,1.30055,28.72,00:00:11,0,8,6.47,6.47,00:00:03,00:00:03,0,0,0.81983,0.32787,6.47,00:00:03,0,4,0,0,00:00:00,00:00:00,0,0,0,0,0,00:00:00,0,0,0,0,00:00:00,00:00:00,0,0,0,0,0,00:00:00,0,0,0,0,00:00:00,00:00:00,0,0,0,0,0,00:00:00,0,0,0,0,00:00:00,00:00:00,0,0,0,0,0,00:00:00,0,0,68.73102,0.68992,15.98809,74.42846,0.91,16,60.15434,0.62,15,0,0,0,0,00:00:00,00:00:00,00:00:00,0,0,0,0,0,n/a,0,0,n/a,0,00:00:00,0,00:00:00,0,00:00:00,0,00:00:00,0,00:00:00,0,00:00:00,0,00:00:00,0,00:00:00,0,0,0,0,n/a,0,n/a,0,n/a,n/a,n/a,0,n/a,n/a,n/a,0,n/a,n/a,n/a,0,n/a,n/a,n/a,0,n/a,n/a,n/a,0,778.87,778.87,00:15:12,00:15:12,98.69247,99.67213,778.87,00:15:12,10.3,10.3,00:00:02,00:00:02,1.30514,0.31694,10.3,00:00:02,0,0,00:00:00,00:00:00,0,0,0,00:00:00,0,0,00:00:00,00:00:00,0,0,0,00:00:00,0,0,00:00:00,00:00:00,0,0,0,00:00:00,0,0,00:00:00,00:00:00,0,0,0,00:00:00,0,0,00:00:00,00:00:00,0,0,0,00:00:00,0,0,00:00:00,00:00:00,0,0,0,00:00:00,n/a,0,n/a,0,n/a,n/a,n/a,0,n/a,n/a,n/a,0,n/a,n/a,n/a,0,n/a,n/a,n/a,0,n/a,n/a,n/a,0,778.87,778.87,98.69247,778.87,10.3,10.3,1.30514,10.3,0,0,0,0,0,0,0,0,0,0,0,0,0,0,0,0,0,0,0,0,0,0,0,0,0,0,0,0,0,0,0,0,0,0,0,0,0,0,0,0,0,0,0,0,0,0,0,0,0,0,0,0,0,0,0,0,0,0,0,0,0,0,0,0,0,n/a,n/a,n/a,0,0,0,0,0,0,0,0,0,0,0,0,0,0,0,0,0,0,0,0,0,0,0,0,0,0,0,0,0,0,0,0,0,0,0,0,0,0,0,0,0,0,0,0,0,0,0,0,0,0,0,0,0,0,0,0,0,0,0,0,0,0,0,0,0,0,0,0,0,0,0,0,0,0,0,0,0,0,0,0,0,0,0,0,0,0,0,0
"Hamad Al-Mansour",7,0.45902,3,19.58,00:00:04,3,4,23.56,00:00:05,4,1,3.98,00:00:00,1,1,3.98,00:00:00,1,0,0,00:00:00,0,3,3.86,00:00:03,3,3,3.86,00:00:03,3,0,0,00:00:00,0,0,0,00:00:00,0,0,0,00:00:00,0,3.62045,-3.10394,0.28051,4.24266,604.96375,604.96375,00:15:15,00:15:15,66.0238,25.11089,25.11089,29.68585,29.68585,42.81702,42.81702,0,42.83307,66.0238,36.49951,36.49951,2.38019,256.66571,63.23426,126.46852,1.62544,0.10659,1409.8916,2.33054,92.45191,79.5,89.94079,159,24.7707,39.66975,107,4.0359,25.72474,25.11089,30.41155,29.68585,43.86371,42.81702,42.83307,36.49951,0.10914,4.32943,256.66571,604.96375,00:15:15,66.0238,0.03467,0.00257,0,0,3,0,0,15.25,0,3,0,0,3,1,39.66975,0,2,00:01:13,7.97814,00:01:13,00:00:50,5.46448,00:00:50,00:03:18,21.63934,00:03:18,00:00:05,0.54645,00:00:05,00:00:12,1.31148,00:00:12,00:02:03,13.44262,00:02:03,00:00:17,1.85792,00:00:17,00:09:37,63.06011,00:09:37,0,2,0,0,9,0,0,3,1,1,2,0,1,2,1,0,8,1,0,14,0,0,4,0,0,1,0,0,1,1,0,1,0,0,7,0,2,6,1,0,0,0,0,0,0,0,0,0,0,0,0,0,0,0,19,1,0,26,1,0,3,1,0,0,0,0,0,0,7,7,7,0,0,0,0,0,0,0,0,0,0,0,0,0,0,0,0,0,0,0,0,1,0,2,86.65308,413.11792,19:45:50,19:44:50,277.03394,19:47:40,19:42:40,19:55:13,19:45:13,9.88364,19:45:52,19:44:52,30.97614,19:47:37,19:42:37,46.75037,19:51:16,19:41:16,1.17682,58.0352,711.93152,95.44,0.72544,3.03524,2.03576,411.54001,00:14:14,93.36612,14.18029,0,95.44,00:00:34,3.75956,25.70136,0,61.85,00:00:18,1.96721,39.12308,0,18.93,00:00:04,0.51366,51.03846,0,10.28,00:00:02,0.21858,69.30769,0,6.93,00:00:01,0.12022,0,0,0,00:00:00,0,0,0,0,00:00:00,0,77.14355,0,00:00:00,0,0,0,0,n/a,0,0,0,00:00:00,0,0,00:00:00,0,0,0,0,n/a,0,0,0,00:00:00,0,0,00:00:00,0,0,0,0,n/a,0,0,0,00:00:00,0,0,00:00:00,0,0,0,0,n/a,0,0,0,00:00:00,0,0,00:00:00,0,0,0,0,n/a,0,0,0,00:00:00,0,0,00:00:00,0,0,0,0,n/a,0,0,0,00:00:00,0,0,00:00:00,0,0,0,0,n/a,0,0,0,00:00:00,0,0,00:00:00,0,0,0,0,n/a,0,0,0,00:00:00,0,0,0,00:00:00,0,353.95999,353.95999,00:13:39,00:13:39,58.50929,89.5847,353.95999,00:13:39,26,179.55,179.55,00:01:14,00:01:14,0,0,29.67947,8.15301,179.55,00:01:14,0,26,58.3,58.3,00:00:18,00:00:18,0,0,9.63694,1.98907,58.3,00:00:18,0,11,12.97,12.97,00:00:02,00:00:02,0,0,2.14393,0.22951,12.97,00:00:02,0,2,0.2,0.2,00:00:00,00:00:00,0,0,0.03306,0,0.2,00:00:00,0,0,0,0,00:00:00,00:00:00,0,0,0,0,0,00:00:00,0,0,0,0,00:00:00,00:00:00,0,0,0,0,0,00:00:00,0,0,0,0,00:00:00,00:00:00,0,0,0,0,0,00:00:00,0,0,74.94232,0.61365,18.48492,81.78487,0.92,20,60.60047,0.57,15,0,0,0,0,00:00:00,00:00:00,00:00:00,0,0,0,0,0,n/a,0,0,n/a,0,00:00:00,0,00:00:00,0,00:00:00,0,00:00:00,0,00:00:00,0,00:00:00,0,00:00:00,0,00:00:00,0,0,0,0,10.94561,5,16.93091,1,n/a,n/a,n/a,0,n/a,n/a,n/a,0,n/a,n/a,n/a,0,n/a,n/a,n/a,0,n/a,n/a,n/a,0,547.58002,547.58002,00:15:02,00:15:02,90.51452,98.64481,547.58002,00:15:02,40.04,40.04,00:00:09,00:00:09,6.61858,1.03825,40.04,00:00:09,17.36,17.36,00:00:02,00:00:02,2.86959,0.29508,17.36,00:00:02,0,0,00:00:00,00:00:00,0,0,0,00:00:00,0,0,00:00:00,00:00:00,0,0,0,00:00:00,0,0,00:00:00,00:00:00,0,0,0,00:00:00,0,0,00:00:00,00:00:00,0,0,0,00:00:00,0,0,00:00:00,00:00:00,0,0,0,00:00:00,10.94561,5,16.93091,1,n/a,n/a,n/a,0,n/a,n/a,n/a,0,n/a,n/a,n/a,0,n/a,n/a,n/a,0,n/a,n/a,n/a,0,547.58002,547.58002,90.51452,547.58002,40.04,40.04,6.61858,40.04,17.36,17.36,2.86959,17.36,0,0,0,0,0,0,0,0,0,0,0,0,0,0,0,0,0,0,0,0,0,0,0,0,0,0,0,0,0,0,0,0,0,0,0,0,0,0,0,0,0,0,0,0,0,0,0,0,0,0,0,0,0,0,0,0,0,0,0,0,0,n/a,n/a,n/a,0,0,0,0,0,0,0,0,0,0,0,0,0,0,0,0,0,0,0,0,0,0,0,0,0,0,0,0,0,0,0,0,0,0,0,0,0,0,0,0,0,0,0,0,0,0,0,0,0,0,0,0,0,0,0,0,0,0,0,0,0,0,0,0,0,0,0,0,0,0,0,0,0,0,0,0,0,0,0,0,0,0,0,0,0,0,0,0
"Saud Al-Rashid",7,0.45902,4,22.59,00:00:05,4,5,24.04,00:00:05,5,1,1.45,00:00:00,1,1,1.45,00:00:00,1,0,0,00:00:00,0,1,2.38,00:00:01,1,2,3.52,00:00:02,2,1,1.14,00:00:00,1,1,1.14,00:00:00,1,0,0,00:00:00,0,3.53044,-4.07643,0.24815,4.32854,524.56177,524.56177,00:15:15,00:15:15,50.0762,18.39188,18.39188,20.37323,20.37323,34.38091,34.38091,0,30.44176,50.0762,30.95682,30.95682,2.06385,227.05865,41.45989,82.91979,1.71875,0.1127,1084.66248,2.06775,71.12541,66,62.69519,132,20.66669,34.39749,0,3.61001,25.14407,18.39188,27.85282,20.37323,47.00311,34.38091,30.44176,30.95682,0.09546,3.28369,227.05865,524.56177,00:15:15,50.0762,0.02282,0.00078,0,0,1,0,0,15.25,0,3,0,0,3,3,34.39749,0,1,00:00:47,5.13661,00:00:47,00:01:05,7.10383,00:01:05,00:03:31,23.0765,00:03:31,00:00:02,0.21858,00:00:02,00:00:00,0,00:00:00,00:01:52,12.24044,00:01:52,00:00:02,0.21858,00:00:02,00:09:49,64.46448,00:09:49,1,0,1,0,7,0,0,2,1,0,3,1,0,0,0,0,5,0,0,4,0,0,3,0,0,1,1,0,4,1,0,5,1,0,1,0,1,3,2,0,0,0,0,0,0,0,0,0,0,0,0,0,0,0,10,1,0,12,0,0,10,3,0,0,0,0,0,0,8,8,8,0,0,0,0,0,0,0,0,0,0,0,0,0,0,0,0,0,0,0,0,0,0,3,76.14404,386.98999,19:53:57,19:52:57,235.22803,19:56:23,19:51:23,19:56:23,19:46:23,7.88422,19:54:31,19:53:31,21.41776,19:56:23,19:51:23,36.78851,19:56:23,19:46:23,1.19013,47.13208,624.29541,55.61,0.63692,2.66486,1.91422,395.95001,00:14:32,95.32241,14.45848,0,55.61,00:00:22,2.4153,25.61963,0,40.63,00:00:12,1.40984,39.26087,0,11.03,00:00:02,0.31694,52.20455,0,15.68,00:00:03,0.37158,62,0,5.64,00:00:01,0.10929,0,0,0,00:00:00,0,0,0,0,00:00:00,0,71.24265,0,00:00:00,0,0,0,0,n/a,0,0,0,00:00:00,0,0,00:00:00,0,0,0,0,n/a,0,0,0,00:00:00,0,0,00:00:00,0,0,0,0,n/a,0,0,0,00:00:00,0,0,00:00:00,0,0,0,0,n/a,0,0,0,00:00:00,0,0,00:00:00,0,0,0,0,n/a,0,0,0,00:00:00,0,0,00:00:00,0,0,0,0,n/a,0,0,0,00:00:00,0,0,00:00:00,0,0,0,0,n/a,0,0,0,00:00:00,0,0,00:00:00,0,0,0,0,n/a,0,0,0,00:00:00,0,0,0,00:00:00,0,377.38,377.38,00:14:17,00:14:17,71.94196,93.69399,377.38,00:14:17,26,107.97,107.97,00:00:45,00:00:45,0,0,20.5829,4.93989,107.97,00:00:45,0,16,36.13,36.13,00:00:11,00:00:11,0,0,6.88765,1.26776,36.13,00:00:11,0,8,3.06,3.06,00:00:00,00:00:00,0,0,0.58334,0.06557,3.06,00:00:00,0,1,0,0,00:00:00,00:00:00,0,0,0,0,0,00:00:00,0,0,0,0,00:00:00,00:00:00,0,0,0,0,0,00:00:00,0,0,0,0,00:00:00,00:00:00,0,0,0,0,0,00:00:00,0,0,0,0,00:00:00,00:00:00,0,0,0,0,0,00:00:00,0,0,66.15153,0.69156,15.96612,81.57407,1.01,16,43.9239,0.61,14,0,0,0,0,00:00:00,00:00:00,00:00:00,0,0,0,0,0,n/a,0,0,n/a,0,00:00:00,0,00:00:00,0,00:00:00,0,00:00:00,0,00:00:00,0,00:00:00,0,00:00:00,0,00:00:00,0,0,0,0,8.65934,3,6.37402,1,n/a,n/a,n/a,0,n/a,n/a,n/a,0,n/a,n/a,n/a,0,n/a,n/a,n/a,0,n/a,n/a,n/a,0,491.39999,491.39999,00:15:06,00:15:06,93.67819,99.02732,491.39999,00:15:06,26.34,26.34,00:00:06,00:00:06,5.02133,0.71038,26.34,00:00:06,6.79,6.79,00:00:01,00:00:01,1.29441,0.13115,6.79,00:00:01,0,0,00:00:00,00:00:00,0,0,0,00:00:00,0,0,00:00:00,00:00:00,0,0,0,00:00:00,0,0,00:00:00,00:00:00,0,0,0,00:00:00,0,0,00:00:00,00:00:00,0,0,0,00:00:00,0,0,00:00:00,00:00:00,0,0,0,00:00:00,8.65934,3,6.37402,1,n/a,n/a,n/a,0,n/a,n/a,n/a,0,n/a,n/a,n/a,0,n/a,n/a,n/a,0,n/a,n/a,n/a,0,491.39999,491.39999,93.67819,491.39999,26.34,26.34,5.02133,26.34,6.79,6.79,1.29441,6.79,0,0,0,0,0,0,0,0,0,0,0,0,0,0,0,0,0,0,0,0,0,0,0,0,0,0,0,0,0,0,0,0,0,0,0,0,0,0,0,0,0,0,0,0,0,0,0,0,0,0,0,0,0,0,0,0,0,0,0,0,0,n/a,n/a,n/a,0,0,0,0,0,0,0,0,0,0,0,0,0,0,0,0,0,0,0,0,0,0,0,0,0,0,0,0,0,0,0,0,0,0,0,0,0,0,0,0,0,0,0,0,0,0,0,0,0,0,0,0,0,0,0,0,0,0,0,0,0,0,0,0,0,0,0,0,0,0,0,0,0,0,0,0,0,0,0,0,0,0,0,0,0,0,0,0
"Abdulhadi Al-Harajin",8,0.52459,5,19.43,00:00:05,5,6,19.43,00:00:05,6,1,0,00:00:00,1,1,0,00:00:00,1,0,0,00:00:00,0,2,3.6,00:00:01,2,2,3.6,00:00:01,2,0,0,00:00:00,0,0,0,00:00:00,0,0,0,00:00:00,0,3.54633,-3.20066,0.35208,3.44674,934.65894,934.65894,00:15:15,00:15:15,105.97766,40.38736,40.38736,40.66687,40.66687,74.27567,74.27567,0,63.06473,105.97766,45.33232,45.33232,3.67735,322.15222,48.08427,96.16854,3.34268,0.21919,993.03949,1.06246,65.11734,62,81.05082,124,23.22344,61.28911,0,4.4555,26.00102,40.38736,26.18097,40.66687,47.81801,74.27567,63.06473,45.33232,0.11339,6.94935,322.15222,934.65894,00:15:15,105.97766,0.08726,0.00641,0,0,2,0,0,15.25,0,1,0,0,0,4,61.28911,0,2,00:01:04,6.99454,00:01:04,00:01:30,9.83607,00:01:30,00:04:06,26.91803,00:04:06,00:00:08,0.87432,00:00:08,00:01:32,10.05464,00:01:32,00:02:34,16.8306,00:02:34,00:01:40,10.92896,00:01:40,00:06:54,45.32241,00:06:54,0,2,0,1,4,4,0,1,0,0,0,0,0,2,0,1,3,0,0,16,0,0,5,1,0,5,3,0,1,0,0,3,1,0,4,3,0,4,0,0,0,0,0,0,0,0,0,0,0,0,0,0,0,1,9,7,1,24,1,0,9,4,0,0,0,0,0,0,6,6,6,0,0,0,0,0,0,0,0,0,0,0,0,0,0,0,0,0,0,0,0,0,0,1,101.59106,637.71191,19:47:26,19:46:26,336.94604,19:54:56,19:49:56,19:55:03,19:45:03,12.24902,19:50:57,19:49:57,40.8833,19:46:55,19:41:55,75.28867,19:51:54,19:41:54,1.14378,221.318,1069.0415,248.39999,1.10659,4.62998,2.74239,530.96997,00:13:07,86.02186,13.72222,0,248.39999,00:01:26,9.49727,25.20944,0,93.39,00:00:27,3.00546,38.89691,0,29.3,00:00:06,0.73224,49.23214,0,18.29,00:00:03,0.42623,68.75862,0,14.33,00:00:02,0.2623,0,0,0,00:00:00,0,0,0,0,00:00:00,0,80.69908,0,00:00:00,0,0,0,0,n/a,0,0,0,00:00:00,0,0,00:00:00,0,0,0,0,n/a,0,0,0,00:00:00,0,0,00:00:00,0,0,0,0,n/a,0,0,0,00:00:00,0,0,00:00:00,0,0,0,0,n/a,0,0,0,00:00:00,0,0,00:00:00,0,0,0,0,n/a,0,0,0,00:00:00,0,0,00:00:00,0,0,0,0,n/a,0,0,0,00:00:00,0,0,00:00:00,0,0,0,0,n/a,0,0,0,00:00:00,0,0,00:00:00,0,0,0,0,n/a,0,0,0,00:00:00,0,0,0,00:00:00,0,412.67999,412.67999,00:12:05,00:12:05,44.153,79.33334,412.67999,00:12:05,34,420.94,420.94,00:02:43,00:02:43,0,0,45.03675,17.84699,420.94,00:02:43,0,55,72.62,72.62,00:00:19,00:00:19,0,0,7.76968,2.17486,72.62,00:00:19,0,12,24.99,24.99,00:00:04,00:00:04,0,0,2.6737,0.53552,24.99,00:00:04,0,5,3.44,3.44,00:00:00,00:00:00,0,0,0.36805,0.06557,3.44,00:00:00,0,1,0,0,00:00:00,00:00:00,0,0,0,0,0,00:00:00,0,0,0,0,00:00:00,00:00:00,0,0,0,0,0,00:00:00,0,0,0,0,00:00:00,00:00:00,0,0,0,0,0,00:00:00,0,0,67.58122,0.69675,15.99017,82.12693,1.01,16,43.20579,0.61,15,0,0,0,0,00:00:00,00:00:00,00:00:00,0,0,0,0,0,n/a,8,0,-4.65308,1,00:00:00,0,00:00:00,0,00:00:00,0,00:00:00,0,00:00:00,0,00:00:00,0,00:00:00,0,00:00:00,0,0,0,0,9.30581,10,7.23429,3,n/a,n/a,n/a,0,n/a,n/a,n/a,0,n/a,n/a,n/a,0,n/a,n/a,n/a,0,n/a,n/a,n/a,0,837.59003,837.59003,00:14:53,00:14:53,89.61451,97.62841,837.59003,00:14:53,74.62,74.62,00:00:17,00:00:17,7.98366,1.91257,74.62,00:00:17,22.47,22.47,00:00:04,00:00:04,2.40409,0.43716,22.47,00:00:04,0,0,00:00:00,00:00:00,0,0,0,00:00:00,0,0,00:00:00,00:00:00,0,0,0,00:00:00,0,0,00:00:00,00:00:00,0,0,0,00:00:00,0,0,00:00:00,00:00:00,0,0,0,00:00:00,0,0,00:00:00,00:00:00,0,0,0,00:00:00,9.30581,10,7.23429,3,n/a,n/a,n/a,0,n/a,n/a,n/a,0,n/a,n/a,n/a,0,n/a,n/a,n/a,0,n/a,n/a,n/a,0,837.59003,837.59003,89.61451,837.59003,74.62,74.62,7.98366,74.62,22.47,22.47,2.40409,22.47,0,0,0,0,0,0,0,0,0,0,0,0,0,0,0,0,0,0,0,0,0,0,0,0,0,0,0,0,0,0,0,0,0,0,0,0,0,0,0,0,0,0,0,0,0,0,0,0,0,0,0,0,0,0,0,0,0,0,0,0,0,n/a,n/a,n/a,0,0,0,0,0,0,0,0,0,0,0,0,0,0,0,0,0,0,0,0,0,0,0,0,0,0,0,0,0,0,0,0,0,0,0,0,0,0,0,0,0,0,0,0,0,0,0,0,0,0,0,0,0,0,0,0,0,0,0,0,0,0,0,0,0,0,0,0,0,0,0,0,0,0,0,0,0,0,0,0,0,0,0,0,0,0,0,0
"Basil Al-Sayyali",7,0.45902,4,23.94,00:00:05,4,5,25.85,00:00:06,5,1,1.91,00:00:00,1,1,1.91,00:00:00,1,0,0,00:00:00,0,2,4.93,00:00:03,2,2,4.93,00:00:03,2,0,0,00:00:00,0,0,0,00:00:00,0,0,0,00:00:00,0,3.74867,-2.9067,0.40465,3.46467,1068.64954,1068.64954,00:15:15,00:15:15,106.69119,52.67186,52.67186,40.30188,40.30188,66.15259,66.15259,0,73.55075,106.69119,41.27762,41.27762,4.20452,370.25195,18.02493,36.04987,5.08654,0.33354,955.23712,0.89387,62.6385,78,65.15781,156,20.46818,70.07538,0,3.83373,33.10066,52.67186,25.32697,40.30188,41.57237,66.15259,73.55075,41.27762,0.09984,6.99614,370.25195,1068.64954,00:15:15,106.69119,0.07167,0.00299,0,0,0,0,0,15.25,0,0,0,0,1,1,70.07538,0,0,00:00:54,5.90164,00:00:54,00:01:42,11.14754,00:01:42,00:04:41,30.79017,00:04:41,00:00:15,1.63934,00:00:15,00:01:41,11.03825,00:01:41,00:02:36,17.04918,00:02:36,00:01:56,12.6776,00:01:56,00:06:01,39.48306,00:06:01,0,3,0,0,5,0,0,4,0,0,2,0,0,2,1,0,1,0,0,6,4,0,4,0,0,4,0,0,4,0,0,3,1,0,7,2,0,7,1,0,0,0,0,0,0,0,0,0,0,0,0,0,0,0,16,2,0,11,4,0,11,1,0,0,0,0,0,0,6,6,6,0,0,0,0,0,0,0,0,0,0,0,0,0,0,0,0,0,0,0,0,0,0,0,118.53906,741.20996,19:47:07,19:46:07,393.51611,19:54:42,19:49:42,19:55:42,19:45:42,12.56342,19:47:07,19:46:07,39.97049,19:54:43,19:49:43,73.96793,19:55:11,19:45:11,1.11949,77.14287,1196.3418,285.37,1.22449,5.12328,3.51583,666.28003,00:12:56,84.90711,13.36608,0,285.37,00:01:45,11.55191,24.93929,0,74.99,00:00:22,2.45902,38.29688,0,16.1,00:00:04,0.45902,50.95833,0,16.41,00:00:03,0.38251,68.28571,0,9.44,00:00:01,0.18579,0,0,0,00:00:00,0,0,0,0,00:00:00,0,78.48049,0,00:00:00,0,0,0,0,n/a,0,0,0,00:00:00,0,0,00:00:00,0,0,0,0,n/a,0,0,0,00:00:00,0,0,00:00:00,0,0,0,0,n/a,0,0,0,00:00:00,0,0,00:00:00,0,0,0,0,n/a,0,0,0,00:00:00,0,0,00:00:00,0,0,0,0,n/a,0,0,0,00:00:00,0,0,00:00:00,0,0,0,0,n/a,0,0,0,00:00:00,0,0,00:00:00,0,0,0,0,n/a,0,0,0,00:00:00,0,0,00:00:00,0,0,0,0,n/a,0,0,0,00:00:00,0,0,0,00:00:00,0,574.88,574.88,00:12:14,00:12:14,53.795,80.2623,574.88,00:12:14,40,444.23001,444.23001,00:02:47,00:02:47,0,0,41.56929,18.28415,444.23001,00:02:47,0,57,36.8,36.8,00:00:10,00:00:10,0,0,3.4436,1.13661,36.8,00:00:10,0,6,12.67,12.67,00:00:02,00:00:02,0,0,1.18561,0.28415,12.67,00:00:02,0,2,0,0,00:00:00,00:00:00,0,0,0,0,0,00:00:00,0,0,0,0,00:00:00,00:00:00,0,0,0,0,0,00:00:00,0,0,0,0,00:00:00,00:00:00,0,0,0,0,0,00:00:00,0,0,0,0,00:00:00,00:00:00,0,0,0,0,0,00:00:00,0,0,69.84934,0.70206,15.98284,85.62572,0.94,16,41.10432,0.62,14,0,0,0,0,00:00:00,00:00:00,00:00:00,0,0,0,0,0,n/a,9,0,-1.64284,1,00:00:00,0,00:00:00,0,00:00:00,0,00:00:00,0,00:00:00,0,00:00:00,0,00:00:00,0,00:00:00,0,0,0,0,7.01237,6,n/a,0,n/a,n/a,n/a,0,n/a,n/a,n/a,0,n/a,n/a,n/a,0,n/a,n/a,n/a,0,n/a,n/a,n/a,0,1020.96002,1020.96002,00:15:03,00:15:03,95.5374,98.68852,1020.96002,00:15:03,38.31,38.31,00:00:09,00:00:09,3.5849,0.98361,38.31,00:00:09,9.22,9.22,00:00:01,00:00:01,0.86277,0.19672,9.22,00:00:01,0,0,00:00:00,00:00:00,0,0,0,00:00:00,0,0,00:00:00,00:00:00,0,0,0,00:00:00,0,0,00:00:00,00:00:00,0,0,0,00:00:00,0,0,00:00:00,00:00:00,0,0,0,00:00:00,0,0,00:00:00,00:00:00,0,0,0,00:00:00,7.01237,6,n/a,0,n/a,n/a,n/a,0,n/a,n/a,n/a,0,n/a,n/a,n/a,0,n/a,n/a,n/a,0,n/a,n/a,n/a,0,1021.06,1021.06,95.54676,1021.06,38.31,38.31,3.5849,38.31,9.22,9.22,0.86277,9.22,0,0,0,0,0,0,0,0,0,0,0,0,0,0,0,0,0,0,0,0,0,0,0,0,0,0,0,0,0,0,0,0,0,0,0,0,0,0,0,0,0,0,0,0,0,0,0,0,0,0,0,0,0,0,0,0,0,0,0,0,0,n/a,n/a,n/a,0,0,0,0,0,0,0,0,0,0,0,0,0,0,0,0,0,0,0,0,0,0,0,0,0,0,0,0,0,0,0,0,0,0,0,0,0,0,0,0,0,0,0,0,0,0,0,0,0,0,0,0,0,0,0,0,0,0,0,0,0,0,0,0,0,0,0,0,0,0,0,0,0,0,0,0,0,0,0,0,0,0,0,0,0,0,0,0
"Abdulaziz Al-Harbi",15,0.98361,7,22.88,00:00:05,7,8,31.49,00:00:07,8,1,8.61,00:00:01,1,1,8.61,00:00:01,1,0,0,00:00:00,0,5,6.39,00:00:04,5,7,8.52,00:00:06,7,2,2.13,00:00:01,2,2,2.13,00:00:01,2,0,0,00:00:00,0,3.64555,-4.01784,0.38335,4.69831,746.57617,746.57617,00:15:15,00:15:15,82.4586,45.84941,45.84941,29.61416,29.61416,46.92557,46.92557,0,60.34962,82.4586,35.49852,35.49852,2.93735,350.76447,42.72958,85.45917,3.46586,0.22727,1041.17407,1.3946,68.27371,58,65.83707,116,22.46082,48.95581,0,3.45398,37.46199,45.84941,24.19672,29.61416,38.34128,46.92557,60.34962,35.49852,0.11045,5.40712,350.76447,746.57617,00:15:15,82.4586,0.06772,0.00067,0,0,11,0,0,15.25,0,7,0,0,5,13,48.95581,0,8,00:01:00,6.55738,00:01:00,00:01:20,8.74317,00:01:20,00:02:23,15.62842,00:02:23,00:00:14,1.53005,00:00:14,00:01:01,6.66667,00:01:01,00:02:20,15.30055,00:02:20,00:01:15,8.19672,00:01:15,00:09:17,60.87432,00:09:17,1,0,0,0,6,3,3,3,2,0,2,2,1,2,1,0,3,0,0,5,1,0,6,0,1,2,4,0,4,3,2,1,3,0,7,0,2,4,3,0,0,0,0,0,0,0,0,0,0,0,0,0,0,3,16,5,0,14,1,3,7,10,0,0,0,0,0,0,7,7,7,0,0,0,0,0,0,0,0,0,0,0,0,0,0,0,0,0,0,0,0,3,1,3,123.90283,565.1792,19:51:37,19:50:37,352.19824,19:53:29,19:48:29,19:53:02,19:43:02,13.8786,19:51:37,19:50:37,38.75531,19:53:33,19:48:33,60.84024,19:53:01,19:43:01,1.2359,61.0766,922.69263,197.92,0.93964,3.93144,2.05244,402.28,00:13:22,87.69399,14.33606,0,197.92,00:01:12,7.93443,25.26437,0,93,00:00:28,3.06011,39.41791,0,16.45,00:00:04,0.44809,51.38806,0,24.43,00:00:05,0.54645,64.16667,0,12.5,00:00:02,0.2623,0,0,0,00:00:00,0,0,0,0,00:00:00,0,74.25801,0,00:00:00,0,0,0,0,n/a,0,0,0,00:00:00,0,0,00:00:00,0,0,0,0,n/a,0,0,0,00:00:00,0,0,00:00:00,0,0,0,0,n/a,0,0,0,00:00:00,0,0,00:00:00,0,0,0,0,n/a,0,0,0,00:00:00,0,0,00:00:00,0,0,0,0,n/a,0,0,0,00:00:00,0,0,00:00:00,0,0,0,0,n/a,0,0,0,00:00:00,0,0,00:00:00,0,0,0,0,n/a,0,0,0,00:00:00,0,0,00:00:00,0,0,0,0,n/a,0,0,0,00:00:00,0,0,0,00:00:00,0,351.5,351.5,00:12:51,00:12:51,47.0816,84.30601,351.5,00:12:51,29,337.35999,337.35999,00:02:08,00:02:08,0,0,45.18762,14.03279,337.35999,00:02:08,0,44,55.16,55.16,00:00:14,00:00:14,0,0,7.3884,1.57377,55.16,00:00:14,0,9,2.56,2.56,00:00:00,00:00:00,0,0,0.3429,0.05464,2.56,00:00:00,0,1,0,0,00:00:00,00:00:00,0,0,0,0,0,00:00:00,0,0,0,0,00:00:00,00:00:00,0,0,0,0,0,00:00:00,0,0,0,0,00:00:00,00:00:00,0,0,0,0,0,00:00:00,0,0,0,0,00:00:00,00:00:00,0,0,0,0,0,00:00:00,0,0,68.59881,0.71319,15.80809,84.28492,1.1,16,40.74636,0.62,14,0,0,0,0,00:00:00,00:00:00,00:00:00,0,0,0,0,0,n/a,19,2.67851,-0.8997,2,00:00:00,0,00:00:00,0,00:00:00,0,00:00:00,0,00:00:00,0,00:00:00,0,00:00:00,0,00:00:00,0,0,0,0,9.96912,6,7.00061,2,n/a,n/a,n/a,0,n/a,n/a,n/a,0,n/a,n/a,n/a,0,n/a,n/a,n/a,0,n/a,n/a,n/a,0,678.34003,678.34003,00:14:59,00:14:59,90.86012,98.31694,678.34003,00:14:59,50.53,50.53,00:00:12,00:00:12,6.76823,1.31148,50.53,00:00:12,17.71,17.71,00:00:03,00:00:03,2.37216,0.34973,17.71,00:00:03,0,0,00:00:00,00:00:00,0,0,0,00:00:00,0,0,00:00:00,00:00:00,0,0,0,00:00:00,0,0,00:00:00,00:00:00,0,0,0,00:00:00,0,0,00:00:00,00:00:00,0,0,0,00:00:00,0,0,00:00:00,00:00:00,0,0,0,00:00:00,9.96912,6,7.00061,2,n/a,n/a,n/a,0,n/a,n/a,n/a,0,n/a,n/a,n/a,0,n/a,n/a,n/a,0,n/a,n/a,n/a,0,678.34003,678.34003,90.86012,678.34003,50.53,50.53,6.76823,50.53,17.71,17.71,2.37216,17.71,0,0,0,0,0,0,0,0,0,0,0,0,0,0,0,0,0,0,0,0,0,0,0,0,0,0,0,0,0,0,0,0,0,0,0,0,0,0,0,0,0,0,0,0,0,0,0,0,0,0,0,0,0,0,0,0,0,0,0,0,0,n/a,n/a,n/a,0,0,0,0,0,0,0,0,0,0,0,0,0,0,0,0,0,0,0,0,0,0,0,0,0,0,0,0,0,0,0,0,0,0,0,0,0,0,0,0,0,0,0,0,0,0,0,0,0,0,0,0,0,0,0,0,0,0,0,0,0,0,0,0,0,0,0,0,0,0,0,0,0,0,0,0,0,0,0,0,0,0,0,0,0,0,0,0
"Nawaf Al-Habashi",8,0.52459,2,25.12,00:00:05,2,8,41.22,00:00:08,8,6,16.1,00:00:02,6,6,16.1,00:00:02,6,0,0,00:00:00,0,0,0.32,00:00:00,0,0,0.32,00:00:00,0,0,0,00:00:00,0,0,0,00:00:00,0,0,0,00:00:00,0,4.49401,-2.40405,0.31395,2.74812,1045.31958,1045.31958,00:15:15,00:15:15,83.87418,33.90346,33.90346,32.17897,32.17897,56.99834,56.99834,0,51.74089,83.87418,39.8985,39.8985,4.11273,287.2668,44.69754,89.39508,5.93525,0.3892,1042.3457,0.99716,68.35054,53.5,65.65494,107,22.29894,68.54555,0,4.18419,27.5457,33.90346,26.1446,32.17897,46.3097,56.99834,51.74089,39.8985,0.08024,5.49995,287.2668,1045.31958,00:15:15,83.87418,0.05462,0.002,0,0,0,0,0,15.25,0,6,0,0,1,1,68.54555,0,0,00:00:37,4.04372,00:00:37,00:01:50,12.02623,00:01:50,00:04:33,29.83607,00:04:33,00:00:03,0.32787,00:00:03,00:01:11,7.75956,00:01:11,00:02:27,16.06995,00:02:27,00:01:14,8.08743,00:01:14,00:07:00,46.00656,00:07:00,0,0,0,0,6,6,0,4,1,0,0,0,0,3,1,0,5,3,0,6,1,0,4,1,0,2,0,0,1,0,0,3,1,0,6,3,0,3,1,0,0,0,0,0,0,0,0,0,0,0,0,0,0,0,16,10,0,15,5,0,6,1,0,0,0,0,0,0,3,3,3,0,0,0,0,0,0,0,0,0,0,0,0,0,0,0,0,0,0,0,0,0,6,0,101.04004,706.93896,19:43:08,19:42:08,381.90308,19:46:44,19:41:44,19:51:44,19:41:44,10.16034,19:49:29,19:48:29,30.71384,19:46:09,19:41:09,57.92468,19:51:43,19:41:43,1.11373,81.87608,1164.20325,213,1.20406,5.0378,3.68099,716.96997,00:13:29,88.4918,13.02157,0,213,00:01:17,8.51366,25.78846,0,61.63,00:00:16,1.78142,38.41304,0,12.58,00:00:02,0.29508,51.2,0,12.4,00:00:02,0.2623,76.125,0,28.8,00:00:05,0.60109,0,0,0,00:00:00,0,0,0,0,00:00:00,0,114.52611,0,00:00:00,0,0,0,0,n/a,0,0,0,00:00:00,0,0,00:00:00,0,0,0,0,n/a,0,0,0,00:00:00,0,0,00:00:00,0,0,0,0,n/a,0,0,0,00:00:00,0,0,00:00:00,0,0,0,0,n/a,0,0,0,00:00:00,0,0,00:00:00,0,0,0,0,n/a,0,0,0,00:00:00,0,0,00:00:00,0,0,0,0,n/a,0,0,0,00:00:00,0,0,00:00:00,0,0,0,0,n/a,0,0,0,00:00:00,0,0,00:00:00,0,0,0,0,n/a,0,0,0,00:00:00,0,0,0,00:00:00,0,743.5,743.5,00:13:38,00:13:38,71.12657,89.39891,743.5,00:13:38,48,241.97,241.97,00:01:24,00:01:24,0,0,23.14794,9.19126,241.97,00:01:24,0,27,51.1,51.1,00:00:10,00:00:10,0,0,4.88846,1.18033,51.1,00:00:10,0,7,6.63,6.63,00:00:01,00:00:01,0,0,0.63426,0.14208,6.63,00:00:01,0,1,2.01,2.01,00:00:00,00:00:00,0,0,0.19229,0.03279,2.01,00:00:00,0,1,0,0,00:00:00,00:00:00,0,0,0,0,0,00:00:00,0,0,0,0,00:00:00,00:00:00,0,0,0,0,0,00:00:00,0,0,0,0,00:00:00,00:00:00,0,0,0,0,0,00:00:00,0,0,66.47181,0.69618,15.99749,77.95902,0.96,16,45.47091,0.62,15,0,0,0,0,00:00:00,00:00:00,00:00:00,0,0,0,0,0,n/a,0,0,n/a,0,00:00:00,0,00:00:00,0,00:00:00,0,00:00:00,0,00:00:00,0,00:00:00,0,00:00:00,0,00:00:00,0,0,0,0,14.93543,8,7.15633,3,n/a,n/a,n/a,0,n/a,n/a,n/a,0,n/a,n/a,n/a,0,n/a,n/a,n/a,0,n/a,n/a,n/a,0,925.42999,925.42999,00:14:49,00:14:49,88.53082,97.1694,925.42999,00:14:49,94.53,94.53,00:00:21,00:00:21,9.04317,2.30601,94.53,00:00:21,25.42,25.42,00:00:04,00:00:04,2.43179,0.50273,25.42,00:00:04,0,0,00:00:00,00:00:00,0,0,0,00:00:00,0,0,00:00:00,00:00:00,0,0,0,00:00:00,0,0,00:00:00,00:00:00,0,0,0,00:00:00,0,0,00:00:00,00:00:00,0,0,0,00:00:00,0,0,00:00:00,00:00:00,0,0,0,00:00:00,14.93543,8,7.15633,3,n/a,n/a,n/a,0,n/a,n/a,n/a,0,n/a,n/a,n/a,0,n/a,n/a,n/a,0,n/a,n/a,n/a,0,925.42999,925.42999,88.53082,925.42999,94.53,94.53,9.04317,94.53,25.42,25.42,2.43179,25.42,0,0,0,0,0,0,0,0,0,0,0,0,0,0,0,0,0,0,0,0,0,0,0,0,0,0,0,0,0,0,0,0,0,0,0,0,0,0,0,0,0,0,0,0,0,0,0,0,0,0,0,0,0,0,0,0,0,0,0,0,0,n/a,n/a,n/a,0,0,0,0,0,0,0,0,0,0,0,0,0,0,0,0,0,0,0,0,0,0,0,0,0,0,0,0,0,0,0,0,0,0,0,0,0,0,0,0,0,0,0,0,0,0,0,0,0,0,0,0,0,0,0,0,0,0,0,0,0,0,0,0,0,0,0,0,0,0,0,0,0,0,0,0,0,0,0,0,0,0,0,0,0,0,0,0
"Yousef Al-Shammari",8,0.52459,4,30.25,00:00:07,4,7,34.85,00:00:08,7,3,4.6,00:00:00,3,3,4.6,00:00:00,3,0,0,00:00:00,0,1,4.96,00:00:03,1,1,5.54,00:00:03,1,0,0.58,00:00:00,0,0,0.58,00:00:00,0,0,0,00:00:00,0,3.94687,-3.19895,0.37609,3.70121,929.74548,929.74548,00:15:15,00:15:15,87.49865,37.73978,37.73978,39.26434,39.26434,53.53683,53.53683,0,60.12605,87.49865,46.10365,46.10365,3.65802,344.11836,29.38685,58.7737,4.36708,0.28637,989.39514,1.06416,64.87837,66.5,70.17412,133,23.65168,60.96692,0,4.23675,28.9103,37.73978,30.07818,39.26434,41.01153,53.53683,60.12605,46.10365,0.09411,5.73762,344.11836,929.74548,00:15:15,87.49865,0.0473,0.00314,0,0,1,0,0,15.25,0,1,0,0,0,2,60.96692,0,1,00:01:02,6.77596,00:01:02,00:01:31,9.94863,00:01:31,00:05:13,34.31366,00:05:13,00:00:01,0.10929,00:00:01,00:00:42,4.59016,00:00:42,00:02:33,16.72459,00:02:33,00:00:43,4.69945,00:00:43,00:06:45,44.2623,00:06:45,0,0,0,0,12,0,0,1,0,0,0,0,0,2,0,0,7,0,0,9,4,0,3,4,0,3,1,1,3,0,0,7,0,0,5,2,0,2,0,0,0,0,0,0,0,0,0,0,0,0,0,0,0,0,18,2,0,19,8,1,13,1,0,0,0,0,0,0,9,9,9,0,0,0,0,0,0,0,0,0,0,0,0,0,0,0,0,0,0,0,0,0,1,0,92.92896,649.10693,19:46:42,19:45:42,359.55908,19:53:37,19:48:37,19:54:46,19:44:46,10.09656,19:43:26,19:42:26,34.92404,19:53:36,19:48:36,61.80615,19:51:24,19:41:24,1.1653,68.8665,1083.43689,151.24001,1.11075,4.64738,3.29572,644.13,00:13:42,89.83607,13.11127,0,151.24001,00:00:58,6.37158,25.61786,0,79.02,00:00:22,2.48087,38.84,0,19.64,00:00:04,0.52459,51.32653,0,16.75,00:00:03,0.37158,77.28205,0,19.1,00:00:03,0.36066,0,0,0,00:00:00,0,0,0,0,00:00:00,0,102.38342,0,00:00:00,0,0,0,0,n/a,0,0,0,00:00:00,0,0,00:00:00,0,0,0,0,n/a,0,0,0,00:00:00,0,0,00:00:00,0,0,0,0,n/a,0,0,0,00:00:00,0,0,00:00:00,0,0,0,0,n/a,0,0,0,00:00:00,0,0,00:00:00,0,0,0,0,n/a,0,0,0,00:00:00,0,0,00:00:00,0,0,0,0,n/a,0,0,0,00:00:00,0,0,00:00:00,0,0,0,0,n/a,0,0,0,00:00:00,0,0,00:00:00,0,0,0,0,n/a,0,0,0,00:00:00,0,0,0,00:00:00,0,588.63,588.63,00:13:12,00:13:12,63.31088,86.62295,588.63,00:13:12,38,249.50999,249.50999,00:01:40,00:01:40,0,0,26.83638,10.95082,249.50999,00:01:40,0,34,76.56,76.56,00:00:19,00:00:19,0,0,8.23451,2.09836,76.56,00:00:19,0,12,13.54,13.54,00:00:02,00:00:02,0,0,1.45631,0.2623,13.54,00:00:02,0,2,1.64,1.64,00:00:00,00:00:00,0,0,0.17639,0.02186,1.64,00:00:00,0,0,0,0,00:00:00,00:00:00,0,0,0,0,0,00:00:00,0,0,0,0,00:00:00,00:00:00,0,0,0,0,0,00:00:00,0,0,0,0,00:00:00,00:00:00,0,0,0,0,0,00:00:00,0,0,68.64116,0.69574,15.99399,79.03433,0.96,16,39.89345,0.62,15,0,0,0,0,00:00:00,00:00:00,00:00:00,0,0,0,0,0,n/a,8,0,-4.05431,1,00:00:00,0,00:00:00,0,00:00:00,0,00:00:00,0,00:00:00,0,00:00:00,0,00:00:00,0,00:00:00,0,0,0,0,10.42377,8,8.77596,3,n/a,n/a,n/a,0,n/a,n/a,n/a,0,n/a,n/a,n/a,0,n/a,n/a,n/a,0,n/a,n/a,n/a,0,843.56,843.56,00:14:56,00:14:56,90.73021,97.96722,843.56,00:14:56,55.99,55.99,00:00:12,00:00:12,6.02208,1.40984,55.99,00:00:12,30.33,30.33,00:00:05,00:00:05,3.26218,0.60109,30.33,00:00:05,0,0,00:00:00,00:00:00,0,0,0,00:00:00,0,0,00:00:00,00:00:00,0,0,0,00:00:00,0,0,00:00:00,00:00:00,0,0,0,00:00:00,0,0,00:00:00,00:00:00,0,0,0,00:00:00,0,0,00:00:00,00:00:00,0,0,0,00:00:00,10.42377,8,8.77596,3,n/a,n/a,n/a,0,n/a,n/a,n/a,0,n/a,n/a,n/a,0,n/a,n/a,n/a,0,n/a,n/a,n/a,0,843.56,843.56,90.73021,843.56,55.99,55.99,6.02208,55.99,30.33,30.33,3.26218,30.33,0,0,0,0,0,0,0,0,0,0,0,0,0,0,0,0,0,0,0,0,0,0,0,0,0,0,0,0,0,0,0,0,0,0,0,0,0,0,0,0,0,0,0,0,0,0,0,0,0,0,0,0,0,0,0,0,0,0,0,0,0,n/a,n/a,n/a,0,0,0,0,0,0,0,0,0,0,0,0,0,0,0,0,0,0,0,0,0,0,0,0,0,0,0,0,0,0,0,0,0,0,0,0,0,0,0,0,0,0,0,0,0,0,0,0,0,0,0,0,0,0,0,0,0,0,0,0,0,0,0,0,0,0,0,0,0,0,0,0,0,0,0,0,0,0,0,0,0,0,0,0,0,0,0,0
"Elias Mokwana",8,0.52459,4,32.4,00:00:08,4,7,38,00:00:09,7,3,5.6,00:00:01,3,3,5.6,00:00:01,3,0,0,00:00:00,0,1,1.33,00:00:00,1,1,1.33,00:00:00,1,0,0,00:00:00,0,0,0,00:00:00,0,0,0,00:00:00,0,3.85056,-2.90969,0.37175,3.30404,1029.49536,1029.49536,00:15:15,00:15:15,116.24489,43.87186,43.87186,44.21075,44.21075,81.37239,81.37239,0,69.21835,116.24489,49.77547,49.77547,4.05047,340.14889,39.58293,79.16587,6.88134,0.45124,1002.28937,0.97357,65.72389,55,77.12977,110,25.10469,67.50789,0,4.91785,25.88998,43.87186,26.08996,44.21075,48.02006,81.37239,69.21835,49.77547,0.11291,7.62262,340.14889,1029.49536,00:15:15,116.24489,0.07453,0.01228,0.32152,0,7,0,0,15.25,0,0,0,0,5,2,67.50789,3.31,7,00:01:21,8.90929,00:01:21,00:01:40,10.92896,00:01:40,00:03:59,26.17268,00:03:59,00:00:04,0.43716,00:00:04,00:01:51,12.13115,00:01:51,00:03:01,19.83825,00:03:01,00:01:55,12.56831,00:01:55,00:06:19,41.42077,00:06:19,0,2,2,2,10,1,0,6,2,1,2,1,1,1,0,1,11,2,1,10,3,0,4,3,1,4,0,0,6,0,0,4,1,0,11,2,2,5,3,0,0,0,0,0,0,0,0,0,0,0,0,0,0,2,27,5,2,25,8,1,14,1,0,0,0,0,0,0,13,13,13,0,0,0,0,0,0,0,0,0,0,0,0,0,0,0,0,0,0,0,0,0,0,0,112.49121,736.71436,19:47:16,19:46:16,397.1438,19:54:03,19:49:03,19:55:42,19:45:42,13.84882,19:47:13,19:46:13,44.86337,19:54:03,19:49:03,83.72427,19:55:41,19:45:41,1.14062,78.32435,1174.26099,235.17,1.20499,5.04166,3.29507,640.90002,00:13:10,86.38252,13.3736,0,235.17,00:01:26,9.43169,26.28239,0,86.61,00:00:23,2.60109,38.4086,0,25.66,00:00:06,0.6776,52.15625,0,23.76,00:00:04,0.4918,68.07143,0,17.53,00:00:03,0.36066,0,0,0,00:00:00,0,0,0,0,00:00:00,0,111.63181,0,00:00:00,0,0,0,0,n/a,0,0,0,00:00:00,0,0,00:00:00,0,0,0,0,n/a,0,0,0,00:00:00,0,0,00:00:00,0,0,0,0,n/a,0,0,0,00:00:00,0,0,00:00:00,0,0,0,0,n/a,0,0,0,00:00:00,0,0,00:00:00,0,0,0,0,n/a,0,0,0,00:00:00,0,0,00:00:00,0,0,0,0,n/a,0,0,0,00:00:00,0,0,00:00:00,0,0,0,0,n/a,0,0,0,00:00:00,0,0,00:00:00,0,0,0,0,n/a,0,0,0,00:00:00,0,0,0,00:00:00,0,502.54001,502.54001,00:11:58,00:11:58,48.81421,78.56831,502.54001,00:11:58,39,387.56,387.56,00:02:41,00:02:41,0,0,37.64563,17.59563,387.56,00:02:41,0,52,89.46,89.46,00:00:24,00:00:24,0,0,8.68969,2.63388,89.46,00:00:24,0,15,37.9,37.9,00:00:08,00:00:08,0,0,3.68142,0.89617,37.9,00:00:08,0,7,12.18,12.18,00:00:02,00:00:02,0,0,1.1831,0.2623,12.18,00:00:02,0,3,0,0,00:00:00,00:00:00,0,0,0,0,0,00:00:00,0,0,0,0,00:00:00,00:00:00,0,0,0,0,0,00:00:00,0,0,0,0,00:00:00,00:00:00,0,0,0,0,0,00:00:00,0,0,69.96931,0.69853,15.99454,77.71004,0.93,16,60.70057,0.62,15,0,0,0,0,00:00:00,00:00:00,00:00:00,0,0,0,0,0,n/a,0,0,n/a,0,00:00:00,0,00:00:00,0,00:00:00,0,00:00:00,0,00:00:00,0,00:00:00,0,00:00:00,0,00:00:00,0,0,0,0,12.52292,8,15.6499,1,n/a,0,0,0,n/a,n/a,n/a,0,n/a,n/a,n/a,0,n/a,n/a,n/a,0,n/a,n/a,n/a,0,922.15997,922.15997,00:14:52,00:14:52,89.57398,97.48634,922.15997,00:14:52,82.69,82.69,00:00:18,00:00:18,8.03209,2.03279,82.69,00:00:18,21.47,21.47,00:00:03,00:00:03,2.08549,0.40437,21.47,00:00:03,3.31,3.31,00:00:00,00:00:00,0.32152,0.04372,3.31,00:00:00,0,0,00:00:00,00:00:00,0,0,0,00:00:00,0,0,00:00:00,00:00:00,0,0,0,00:00:00,0,0,00:00:00,00:00:00,0,0,0,00:00:00,0,0,00:00:00,00:00:00,0,0,0,00:00:00,12.52292,8,15.6499,1,n/a,0,0,0,n/a,n/a,n/a,0,n/a,n/a,n/a,0,n/a,n/a,n/a,0,n/a,n/a,n/a,0,922.15997,922.15997,89.57398,922.15997,82.69,82.69,8.03209,82.69,21.47,21.47,2.08549,21.47,3.31,3.31,0.32152,3.31,0,0,0,0,0,0,0,0,0,0,0,0,0,0,0,0,0,0,0,0,0,0,0,0,0,0,0,0,0,0,0,0,0,0,0,0,0,0,0,0,0,0,0,0,0,0,0,0,0,0,0,0,0,0,0,0,0,n/a,n/a,n/a,0,0,0,0,0,0,0,0,0,0,0,0,0,0,0,0,0,0,0,0,0,0,0,0,0,0,0,0,0,0,0,0,0,0,0,0,0,0,0,0,0,0,0,0,0,0,0,0,0,0,0,0,0,0,0,0,0,0,0,0,0,0,0,0,0,0,0,0,0,0,0,0,0,0,0,0,0,0,0,0,0,0,0,0,0,0,0,0
"Nawaf Al-Bishri",13,0.85246,2,38.68,00:00:08,2,8,48.08,00:00:09,8,6,9.4,00:00:01,6,6,9.4,00:00:01,6,0,0,00:00:00,0,4,4.21,00:00:01,4,5,5.21,00:00:02,5,1,1,00:00:00,1,1,1,00:00:00,1,0,0,00:00:00,0,4.23953,-4.28559,0.41083,3.41455,1100.90332,1100.90332,00:15:15,00:15:15,114.28222,44.05695,44.05695,40.61375,40.61375,81.70134,81.70134,0,66.52856,114.28222,50.22462,50.22462,4.33142,375.90929,45.14728,90.29455,6.67376,0.43762,1188.61865,1.07968,77.94221,81,83.38805,162,25.9061,72.19038,0,4.4268,26.48098,44.05695,24.4114,40.61375,49.10761,81.70134,66.52856,50.22462,0.10381,7.49392,375.90929,1100.90332,00:15:15,114.28222,0.07973,0.00628,0.62131,0,7,0,0,15.25,0,12,0,0,1,3,72.19038,6.84,7,00:01:12,7.86885,00:01:12,00:02:16,14.86339,00:02:16,00:05:09,33.77049,00:05:09,00:00:07,0.76503,00:00:07,00:01:18,8.52459,00:01:18,00:03:28,22.73224,00:03:28,00:01:25,9.28962,00:01:25,00:05:13,34.20765,00:05:13,0,2,0,2,10,2,0,2,0,0,4,1,0,2,0,2,2,2,2,13,6,0,8,2,1,4,1,0,2,1,0,2,0,0,8,4,0,8,1,0,0,0,0,0,0,0,0,0,0,0,0,0,0,2,20,6,4,23,10,1,8,2,0,0,0,0,0,0,5,5,5,0,0,0,0,0,0,0,0,0,0,0,0,0,0,0,0,0,0,0,0,0,10,2,110.72412,741.00488,19:51:12,19:50:12,405.8772,19:47:11,19:42:11,19:51:44,19:41:44,11.69189,19:49:22,19:48:22,42.36508,19:47:09,19:42:09,78.55945,19:54:18,19:44:18,1.16801,86.7603,1285.8634,222.03,1.31455,5.50007,3.51844,683.96002,00:13:07,86.08743,13.53132,0,222.03,00:01:20,8.81967,25.78667,0,106.37,00:00:29,3.23497,38.44086,0,31.36,00:00:06,0.69945,51.32143,0,23.52,00:00:04,0.44809,76.72059,0,33.68,00:00:06,0.65574,0,0,0,00:00:00,0,0,0,0,00:00:00,0,96.52312,0,00:00:00,0,0,0,0,n/a,0,0,0,00:00:00,0,0,00:00:00,0,0,0,0,n/a,0,0,0,00:00:00,0,0,00:00:00,0,0,0,0,n/a,0,0,0,00:00:00,0,0,00:00:00,0,0,0,0,n/a,0,0,0,00:00:00,0,0,00:00:00,0,0,0,0,n/a,0,0,0,00:00:00,0,0,00:00:00,0,0,0,0,n/a,0,0,0,00:00:00,0,0,00:00:00,0,0,0,0,n/a,0,0,0,00:00:00,0,0,00:00:00,0,0,0,0,n/a,0,0,0,00:00:00,0,0,0,00:00:00,0,551.89001,551.89001,00:12:06,00:12:06,50.13065,79.34426,551.89001,00:12:06,44,426.10999,426.10999,00:02:45,00:02:45,0,0,38.70549,18.04372,426.10999,00:02:45,0,54,89.09,89.09,00:00:18,00:00:18,0,0,8.09245,1.97814,89.09,00:00:18,0,11,29.25,29.25,00:00:04,00:00:04,0,0,2.65691,0.51366,29.25,00:00:04,0,4,4.57,4.57,00:00:00,00:00:00,0,0,0.41511,0.0765,4.57,00:00:00,0,1,0,0,00:00:00,00:00:00,0,0,0,0,0,00:00:00,0,0,0,0,00:00:00,00:00:00,0,0,0,0,0,00:00:00,0,0,0,0,00:00:00,00:00:00,0,0,0,0,0,00:00:00,0,0,72.12884,0.70525,15.9823,85.80505,0.97,16,46.57304,0.62,15,1,827,827,827,00:00:00,00:00:00,00:00:00,0,0,0,3,3,3,0,0,n/a,0,00:00:00,0,00:00:00,0,00:00:00,0,00:00:00,0,00:00:00,0,00:00:00,0,00:00:00,0,00:00:00,0,0,0,0,16.53879,8,13.65251,6,n/a,0,0,0,n/a,n/a,n/a,0,n/a,n/a,n/a,0,n/a,n/a,n/a,0,n/a,n/a,n/a,0,959.94,959.94,00:14:47,00:14:47,87.19567,96.97268,959.94,00:14:47,56,56,00:00:13,00:00:13,5.08673,1.42077,56,00:00:13,78.13,78.13,00:00:13,00:00:13,7.0969,1.47541,78.13,00:00:13,6.84,6.84,00:00:00,00:00:00,0.62131,0.09836,6.84,00:00:00,0,0,00:00:00,00:00:00,0,0,0,00:00:00,0,0,00:00:00,00:00:00,0,0,0,00:00:00,0,0,00:00:00,00:00:00,0,0,0,00:00:00,0,0,00:00:00,00:00:00,0,0,0,00:00:00,16.53879,8,13.65251,6,n/a,0,0,0,n/a,n/a,n/a,0,n/a,n/a,n/a,0,n/a,n/a,n/a,0,n/a,n/a,n/a,0,959.94,959.94,87.19567,959.94,56,56,5.08673,56,78.13,78.13,7.0969,78.13,6.84,6.84,0.62131,6.84,0,0,0,0,0,0,0,0,0,0,0,0,0,0,0,0,0,0,0,0,0,0,0,0,0,0,0,0,0,0,0,0,0,0,0,0,0,0,0,0,0,0,0,0,0,0,0,0,0,0,0,0,0,0,0,0,0,n/a,n/a,n/a,0,0,0,0,0,0,0,0,0,0,0,0,0,0,0,0,0,0,0,0,0,0,0,0,0,0,0,0,0,0,0,0,0,0,0,0,0,0,0,0,0,0,0,0,0,0,0,0,0,0,0,0,0,0,0,0,0,0,0,0,0,0,0,0,0,0,0,0,0,0,0,0,0,0,0,0,0,0,0,0,0,0,0,0,0,0,0,0
"Mohammed Al-Saedi",15,0.98361,8,36.55,00:00:09,8,11,41.03,00:00:10,11,3,4.48,00:00:00,3,3,4.48,00:00:00,3,0,0,00:00:00,0,4,7.12,00:00:04,4,4,7.53,00:00:04,4,0,0.41,00:00:00,0,0,0.41,00:00:00,0,0,0,00:00:00,0,4.06063,-3.3049,0.44965,3.79116,1085.22852,1085.22852,00:15:15,00:15:15,106.06657,34.25871,34.25871,40.31992,40.31992,78.04636,78.04636,0,58.79265,106.06657,45.8577,45.8577,4.26975,411.42723,42.18832,84.37665,7.2899,0.47803,1108.36646,1.02132,72.67977,78.5,67.57105,157,22.49705,71.16253,0,3.936,22.44633,34.25871,26.41764,40.31992,51.13603,78.04636,58.79265,45.8577,0.09774,6.95519,411.42723,1085.22852,00:15:15,106.06657,0.09107,0.00345,0,0,4,0,0,15.25,0,2,0,0,1,6,71.16253,0,4,00:01:03,6.94754,00:01:03,00:02:13,14.53552,00:02:13,00:05:25,35.51913,00:05:25,00:00:01,0.10929,00:00:01,00:01:14,8.08743,00:01:14,00:03:16,21.48306,00:03:16,00:01:15,8.19672,00:01:15,00:05:18,34.80109,00:05:18,0,4,0,0,10,5,0,4,0,1,4,0,0,1,0,0,9,1,2,6,4,0,7,1,0,3,3,0,3,0,1,2,2,0,7,1,1,9,0,0,0,0,0,0,0,0,0,0,0,0,0,0,0,0,21,6,2,22,6,1,8,5,0,0,0,0,0,0,1,1,1,0,0,0,0,0,0,0,0,0,0,0,0,0,0,0,0,0,0,0,0,0,2,0,123.75806,740.83423,19:46:50,19:45:50,431.57007,19:46:46,19:41:46,19:51:46,19:41:46,12.38809,19:46:50,19:45:50,42.57141,19:46:44,19:41:44,74.13626,19:51:46,19:41:46,1.16992,87.30301,1269.6283,242.60001,1.30303,5.45188,3.50076,671.87,00:13:04,85.68306,13.84462,0,242.60001,00:01:25,9.37705,25.66213,0,97.47,00:00:28,3.12568,39.56522,0,29.26,00:00:07,0.80874,51.58333,0,22.11,00:00:04,0.52459,72.73469,0,21.97,00:00:03,0.42623,0,0,0,00:00:00,0,0,0,0,00:00:00,0,107.35603,0,00:00:00,0,0,0,0,n/a,0,0,0,00:00:00,0,0,00:00:00,0,0,0,0,n/a,0,0,0,00:00:00,0,0,00:00:00,0,0,0,0,n/a,0,0,0,00:00:00,0,0,00:00:00,0,0,0,0,n/a,0,0,0,00:00:00,0,0,00:00:00,0,0,0,0,n/a,0,0,0,00:00:00,0,0,00:00:00,0,0,0,0,n/a,0,0,0,00:00:00,0,0,00:00:00,0,0,0,0,n/a,0,0,0,00:00:00,0,0,00:00:00,0,0,0,0,n/a,0,0,0,00:00:00,0,0,0,00:00:00,0,579.53998,579.53998,00:12:23,00:12:23,53.40258,81.21311,579.53998,00:12:23,45,424.95001,424.95001,00:02:33,00:02:33,0,0,39.15765,16.79781,424.95001,00:02:33,0,49,63.67,63.67,00:00:14,00:00:14,0,0,5.86697,1.57377,63.67,00:00:14,0,9,15.69,15.69,00:00:03,00:00:03,0,0,1.44578,0.32787,15.69,00:00:03,0,3,0,0,00:00:00,00:00:00,0,0,0,0,0,00:00:00,0,0,0,0,00:00:00,00:00:00,0,0,0,0,0,00:00:00,0,0,0,0,00:00:00,00:00:00,0,0,0,0,0,00:00:00,0,0,0,0,00:00:00,00:00:00,0,0,0,0,0,00:00:00,0,0,69.97221,0.69638,15.99486,85.44343,0.96,16,45.84045,0.62,15,0,0,0,0,00:00:00,00:00:00,00:00:00,0,0,0,0,0,n/a,9,0,-2.63676,1,00:00:00,0,00:00:00,0,00:00:00,0,00:00:00,0,00:00:00,0,00:00:00,0,00:00:00,0,00:00:00,0,0,0,0,9.07241,10,7.61637,3,n/a,n/a,n/a,0,n/a,n/a,n/a,0,n/a,n/a,n/a,0,n/a,n/a,n/a,0,n/a,n/a,n/a,0,976.97998,976.97998,00:14:50,00:14:50,90.02528,97.28962,976.97998,00:14:50,84.17,84.17,00:00:20,00:00:20,7.75597,2.21858,84.17,00:00:20,24.14,24.14,00:00:04,00:00:04,2.22442,0.46995,24.14,00:00:04,0,0,00:00:00,00:00:00,0,0,0,00:00:00,0,0,00:00:00,00:00:00,0,0,0,00:00:00,0,0,00:00:00,00:00:00,0,0,0,00:00:00,0,0,00:00:00,00:00:00,0,0,0,00:00:00,0,0,00:00:00,00:00:00,0,0,0,00:00:00,9.07241,10,7.61637,3,n/a,n/a,n/a,0,n/a,n/a,n/a,0,n/a,n/a,n/a,0,n/a,n/a,n/a,0,n/a,n/a,n/a,0,976.97998,976.97998,90.02528,976.97998,84.17,84.17,7.75597,84.17,24.14,24.14,2.22442,24.14,0,0,0,0,0,0,0,0,0,0,0,0,0,0,0,0,0,0,0,0,0,0,0,0,0,0,0,0,0,0,0,0,0,0,0,0,0,0,0,0,0,0,0,0,0,0,0,0,0,0,0,0,0,0,0,0,0,0,0,0,0,n/a,n/a,n/a,0,0,0,0,0,0,0,0,0,0,0,0,0,0,0,0,0,0,0,0,0,0,0,0,0,0,0,0,0,0,0,0,0,0,0,0,0,0,0,0,0,0,0,0,0,0,0,0,0,0,0,0,0,0,0,0,0,0,0,0,0,0,0,0,0,0,0,0,0,0,0,0,0,0,0,0,0,0,0,0,0,0,0,0,0,0,0,0
"Ahmed Al-Nakhli",20,1.31148,6,42.97,00:00:08,6,12,55.58,00:00:11,12,6,12.61,00:00:02,6,6,12.61,00:00:02,6,0,0,00:00:00,0,6,6.25,00:00:04,6,8,8.48,00:00:06,8,1,1.31,00:00:01,1,2,2.23,00:00:01,2,1,0.92,00:00:00,1,4.23532,-4.94411,0.32815,3.83082,783.79285,783.79285,00:15:15,00:15:15,80.72332,36.24269,36.24269,31.0778,31.0778,52.49588,52.49588,0,52.94981,80.72332,39.45848,39.45848,3.08378,300.25675,39.09471,78.18942,3.37795,0.2215,1068.29663,1.36298,70.05224,65,76.73864,130,25.70757,51.39625,0,7.14456,30.24853,36.24269,25.93786,31.0778,43.81361,52.49588,52.94981,39.45848,0.10299,5.29333,300.25675,783.79285,00:15:15,80.72332,0.06001,0.00813,0.92116,0,7,0,0,15.25,0,5,0,0,3,4,51.39625,7.22,4,00:01:18,8.52459,00:01:18,00:00:58,6.3388,00:00:58,00:03:37,23.78907,00:03:37,00:00:07,0.76503,00:00:07,00:00:33,3.60656,00:00:33,00:02:16,14.86339,00:02:16,00:00:40,4.37158,00:00:40,00:08:41,56.97596,00:08:41,0,2,0,1,5,0,0,4,0,1,7,0,1,1,1,0,3,2,1,9,1,0,8,1,0,4,2,0,5,0,0,4,2,0,9,1,2,10,1,0,0,0,0,0,0,0,0,0,0,0,0,0,0,1,18,1,1,20,4,0,13,4,0,0,0,0,0,0,15,15,15,0,0,0,0,0,0,0,0,0,0,0,0,0,0,0,0,0,0,0,0,3,1,1,122.25,632.97021,19:53:17,19:52:17,407.17285,19:53:41,19:48:41,19:53:40,19:43:40,13.14777,19:53:17,19:52:17,42.49973,19:53:41,19:48:41,62.90485,19:53:17,19:43:17,1.22767,66.49108,962.23602,147.08,0.97781,4.09114,2.38249,477.10999,00:13:49,90.62295,13.82886,0,147.08,00:00:50,5.5082,25.49367,0,70.58,00:00:18,2.01093,39.85714,0,23.23,00:00:04,0.51366,52.9,0,19.66,00:00:03,0.40437,71.59783,0,46.07,00:00:08,0.88525,0,0,0,00:00:00,0,0,0,0,00:00:00,0,97.15189,0,00:00:00,0,0,0,0,n/a,0,0,0,00:00:00,0,0,00:00:00,0,0,0,0,n/a,0,0,0,00:00:00,0,0,00:00:00,0,0,0,0,n/a,0,0,0,00:00:00,0,0,00:00:00,0,0,0,0,n/a,0,0,0,00:00:00,0,0,00:00:00,0,0,0,0,n/a,0,0,0,00:00:00,0,0,00:00:00,0,0,0,0,n/a,0,0,0,00:00:00,0,0,00:00:00,0,0,0,0,n/a,0,0,0,00:00:00,0,0,00:00:00,0,0,0,0,n/a,0,0,0,00:00:00,0,0,0,00:00:00,0,426.38,426.38,00:13:21,00:13:21,54.39958,87.61749,426.38,00:13:21,31,220.71001,220.71001,00:01:23,00:01:23,0,0,28.15923,9.14754,220.71001,00:01:23,0,29,96.69,96.69,00:00:22,00:00:22,0,0,12.33617,2.43716,96.69,00:00:22,0,14,28.91,28.91,00:00:05,00:00:05,0,0,3.68847,0.56831,28.91,00:00:05,0,5,8.79,8.79,00:00:01,00:00:01,0,0,1.12147,0.14208,8.79,00:00:01,0,1,2.25,2.25,00:00:00,00:00:00,0,0,0.28707,0.03279,2.25,00:00:00,0,1,0,0,00:00:00,00:00:00,0,0,0,0,0,00:00:00,0,0,0,0,00:00:00,00:00:00,0,0,0,0,0,00:00:00,0,0,67.97749,0.71061,15.93366,83.84006,1.11,16,36.36321,0.62,14,0,0,0,0,00:00:00,00:00:00,00:00:00,0,0,0,0,0,n/a,0,0,n/a,0,00:00:00,0,00:00:00,0,00:00:00,0,00:00:00,0,00:00:00,0,00:00:00,0,00:00:00,0,00:00:00,0,0,0,0,14.62454,10,15.49893,5,n/a,0,0,0,n/a,n/a,n/a,0,n/a,n/a,n/a,0,n/a,n/a,n/a,0,n/a,n/a,n/a,0,627.09998,627.09998,00:14:42,00:14:42,80.00838,96.42623,627.09998,00:14:42,77.59,77.59,00:00:18,00:00:18,9.8993,2,77.59,00:00:18,71.83,71.83,00:00:12,00:00:12,9.16441,1.3224,71.83,00:00:12,7.22,7.22,00:00:01,00:00:01,0.92116,0.10929,7.22,00:00:01,0,0,00:00:00,00:00:00,0,0,0,00:00:00,0,0,00:00:00,00:00:00,0,0,0,00:00:00,0,0,00:00:00,00:00:00,0,0,0,00:00:00,0,0,00:00:00,00:00:00,0,0,0,00:00:00,14.62454,10,15.49893,5,n/a,0,0,0,n/a,n/a,n/a,0,n/a,n/a,n/a,0,n/a,n/a,n/a,0,n/a,n/a,n/a,0,627.09998,627.09998,80.00838,627.09998,77.59,77.59,9.8993,77.59,71.83,71.83,9.16441,71.83,7.22,7.22,0.92116,7.22,0,0,0,0,0,0,0,0,0,0,0,0,0,0,0,0,0,0,0,0,0,0,0,0,0,0,0,0,0,0,0,0,0,0,0,0,0,0,0,0,0,0,0,0,0,0,0,0,0,0,0,0,0,0,0,0,0,n/a,n/a,n/a,0,0,0,0,0,0,0,0,0,0,0,0,0,0,0,0,0,0,0,0,0,0,0,0,0,0,0,0,0,0,0,0,0,0,0,0,0,0,0,0,0,0,0,0,0,0,0,0,0,0,0,0,0,0,0,0,0,0,0,0,0,0,0,0,0,0,0,0,0,0,0,0,0,0,0,0,0,0,0,0,0,0,0,0,0,0,0,0
"Amir Sayoud",9,0.59016,4,38.95,00:00:10,4,7,46.33,00:00:11,7,3,7.38,00:00:01,3,3,7.38,00:00:01,3,0,0,00:00:00,0,2,2.18,00:00:01,2,2,2.18,00:00:01,2,0,0,00:00:00,0,0,0,00:00:00,0,0,0,00:00:00,0,4.02301,-2.67811,0.35106,3.49138,920.04645,920.04645,00:15:15,00:15:15,84.63025,36.14088,36.14088,31.83687,31.83687,57.61275,57.61275,0,53.28932,84.63025,30.25243,30.25243,3.61985,321.22341,40.17736,80.35473,5.68863,0.37303,1094.34595,1.18945,71.76039,71.5,69.76158,143,21.58601,60.33091,0,4.01801,28.77677,36.14088,25.34974,31.83687,45.87349,57.61275,53.28932,30.25243,0.09198,5.54952,321.22341,920.04645,00:15:15,84.63025,0.07044,0.00314,0,0,0,0,0,15.25,0,0,0,0,0,0,60.33091,0,0,00:00:49,5.35519,00:00:49,00:01:03,6.88525,00:01:03,00:03:27,22.67869,00:03:27,00:00:12,1.31148,00:00:12,00:01:22,8.96175,00:01:22,00:01:52,12.24044,00:01:52,00:01:34,10.27322,00:01:34,00:08:21,54.80765,00:08:21,0,0,0,0,3,1,0,2,0,0,0,0,0,3,0,0,3,2,0,7,1,0,3,0,0,0,0,0,0,0,0,1,0,0,8,1,0,3,0,0,0,0,0,0,0,0,0,0,0,0,0,0,0,0,13,2,0,13,3,0,1,0,0,0,0,0,0,0,3,3,3,0,0,0,0,0,0,0,0,0,0,0,0,0,0,0,0,0,0,0,0,0,0,0,108.9729,630.50195,19:43:20,19:42:20,354.1228,19:47:16,19:42:16,19:51:44,19:41:44,11.13535,19:43:20,19:42:20,33.51282,19:47:20,19:42:20,60.59195,19:51:48,19:41:48,1.14459,216.636,1053.07471,212.27,1.08318,4.53204,2.82905,561.83002,00:13:24,87.9235,13.67909,0,212.27,00:01:14,8.12022,26.58555,0,77.72,00:00:21,2.32787,38.92929,0,31.26,00:00:07,0.78689,49.98333,0,22.46,00:00:04,0.4918,69.6875,0,14.6,00:00:02,0.29508,0,0,0,00:00:00,0,0,0,0,00:00:00,0,82.92107,0,00:00:00,0,0,0,0,n/a,0,0,0,00:00:00,0,0,00:00:00,0,0,0,0,n/a,0,0,0,00:00:00,0,0,00:00:00,0,0,0,0,n/a,0,0,0,00:00:00,0,0,00:00:00,0,0,0,0,n/a,0,0,0,00:00:00,0,0,00:00:00,0,0,0,0,n/a,0,0,0,00:00:00,0,0,00:00:00,0,0,0,0,n/a,0,0,0,00:00:00,0,0,00:00:00,0,0,0,0,n/a,0,0,0,00:00:00,0,0,00:00:00,0,0,0,0,n/a,0,0,0,00:00:00,0,0,0,00:00:00,0,504.75,504.75,00:12:57,00:12:57,54.86136,85.00546,504.75,00:12:57,31,312.12,312.12,00:01:54,00:01:54,0,0,33.92437,12.48087,312.12,00:01:54,0,39,90.51,90.51,00:00:20,00:00:20,0,0,9.83755,2.18579,90.51,00:00:20,0,12,12.56,12.56,00:00:02,00:00:02,0,0,1.36515,0.28415,12.56,00:00:02,0,2,0.21,0.21,00:00:00,00:00:00,0,0,0.02282,0,0.21,00:00:00,0,0,0,0,00:00:00,00:00:00,0,0,0,0,0,00:00:00,0,0,0,0,00:00:00,00:00:00,0,0,0,0,0,00:00:00,0,0,0,0,00:00:00,00:00:00,0,0,0,0,0,00:00:00,0,0,68.65747,0.68528,15.99454,80.56168,0.89,16,50.63655,0.62,15,0,0,0,0,00:00:00,00:00:00,00:00:00,0,0,0,0,0,n/a,9,0,-1.84881,1,00:00:00,0,00:00:00,0,00:00:00,0,00:00:00,0,00:00:00,0,00:00:00,0,00:00:00,0,00:00:00,0,0,0,0,13.41315,8,5.97998,4,n/a,n/a,n/a,0,n/a,n/a,n/a,0,n/a,n/a,n/a,0,n/a,n/a,n/a,0,n/a,n/a,n/a,0,810.44,810.44,00:14:51,00:14:51,88.08686,97.39891,810.44,00:14:51,80.76,80.76,00:00:18,00:00:18,8.77782,1.98907,80.76,00:00:18,28.95,28.95,00:00:05,00:00:05,3.14658,0.59016,28.95,00:00:05,0,0,00:00:00,00:00:00,0,0,0,00:00:00,0,0,00:00:00,00:00:00,0,0,0,00:00:00,0,0,00:00:00,00:00:00,0,0,0,00:00:00,0,0,00:00:00,00:00:00,0,0,0,00:00:00,0,0,00:00:00,00:00:00,0,0,0,00:00:00,13.41315,8,5.97998,4,n/a,n/a,n/a,0,n/a,n/a,n/a,0,n/a,n/a,n/a,0,n/a,n/a,n/a,0,n/a,n/a,n/a,0,810.44,810.44,88.08686,810.44,80.76,80.76,8.77782,80.76,28.95,28.95,3.14658,28.95,0,0,0,0,0,0,0,0,0,0,0,0,0,0,0,0,0,0,0,0,0,0,0,0,0,0,0,0,0,0,0,0,0,0,0,0,0,0,0,0,0,0,0,0,0,0,0,0,0,0,0,0,0,0,0,0,0,0,0,0,0,n/a,n/a,n/a,0,0,0,0,0,0,0,0,0,0,0,0,0,0,0,0,0,0,0,0,0,0,0,0,0,0,0,0,0,0,0,0,0,0,0,0,0,0,0,0,0,0,0,0,0,0,0,0,0,0,0,0,0,0,0,0,0,0,0,0,0,0,0,0,0,0,0,0,0,0,0,0,0,0,0,0,0,0,0,0,0,0,0,0,0,0,0,0
"Abdulrahman Al-Khaibary",13,0.85246,6,40.82,00:00:11,6,9,44.14,00:00:12,9,3,3.32,00:00:00,3,3,3.32,00:00:00,3,0,0,00:00:00,0,4,2.69,00:00:03,4,4,3.29,00:00:04,4,0,0.6,00:00:00,0,0,0.6,00:00:00,0,0,0,00:00:00,0,3.90896,-3.12015,0.39426,3.71105,972.10046,972.10046,00:15:15,00:15:15,94.9657,36.43369,36.43369,35.9304,35.9304,66.83673,66.83673,0,56.53264,94.9657,40.36589,40.36589,3.82466,360.75118,44.22326,88.44653,4.4094,0.28914,991.66797,1.02013,65.02741,48,58.40299,96,20.41661,63.74429,0,4.54002,26.17347,36.43369,25.81192,35.9304,48.01461,66.83673,56.53264,40.36589,0.09769,6.22726,360.75118,972.10046,00:15:15,94.9657,0.07851,0.00326,0,0,8,0,0,15.25,0,1,0,0,1,3,63.74429,0,8,00:01:24,9.18033,00:01:24,00:01:15,8.19672,00:01:15,00:05:02,33.00546,00:05:02,00:00:14,1.53005,00:00:14,00:00:40,4.42842,00:00:40,00:02:39,17.37705,00:02:39,00:00:54,5.95847,00:00:54,00:06:39,43.65901,00:06:39,0,0,1,1,13,3,0,4,1,0,4,0,0,1,0,0,5,1,4,15,5,0,3,3,0,2,0,1,2,0,1,5,1,1,7,3,0,5,1,0,0,0,0,0,0,0,0,0,0,0,0,0,0,2,24,7,4,23,9,2,9,1,0,0,0,0,0,0,8,8,8,0,0,0,0,0,0,0,0,0,0,0,0,0,0,0,0,0,0,0,0,0,1,0,112.43994,666.46191,19:47:20,19:46:20,381.82397,19:47:25,19:42:25,19:51:49,19:41:49,11.4523,19:47:19,19:46:19,38.74747,19:46:50,19:41:50,67.59277,19:51:49,19:41:49,1.17652,79.58108,1143.69153,183.16,1.17031,4.89658,3.17067,625.21002,00:13:28,88.36066,14.47645,0,183.16,00:01:02,6.8306,26.01133,0,96.6,00:00:27,3.04918,39.58772,0,28.49,00:00:07,0.77596,49.43421,0,21.97,00:00:05,0.54645,68.24324,0,14.78,00:00:02,0.31694,0,0,0,00:00:00,0,0,0,0,00:00:00,0,85.02339,0,00:00:00,0,0,0,0,n/a,0,0,0,00:00:00,0,0,00:00:00,0,0,0,0,n/a,0,0,0,00:00:00,0,0,00:00:00,0,0,0,0,n/a,0,0,0,00:00:00,0,0,00:00:00,0,0,0,0,n/a,0,0,0,00:00:00,0,0,00:00:00,0,0,0,0,n/a,0,0,0,00:00:00,0,0,00:00:00,0,0,0,0,n/a,0,0,0,00:00:00,0,0,00:00:00,0,0,0,0,n/a,0,0,0,00:00:00,0,0,00:00:00,0,0,0,0,n/a,0,0,0,00:00:00,0,0,0,00:00:00,0,534.71997,534.71997,00:12:47,00:12:47,55.00666,83.86886,534.71997,00:12:47,35,338.75,338.75,00:02:02,00:02:02,0,0,34.84722,13.36612,338.75,00:02:02,0,44,86.76,86.76,00:00:22,00:00:22,0,0,8.925,2.42623,86.76,00:00:22,0,13,8.11,8.11,00:00:02,00:00:02,0,0,0.83428,0.21858,8.11,00:00:02,0,2,3.93,3.93,00:00:00,00:00:00,0,0,0.40428,0.0765,3.93,00:00:00,0,1,0,0,00:00:00,00:00:00,0,0,0,0,0,00:00:00,0,0,0,0,00:00:00,00:00:00,0,0,0,0,0,00:00:00,0,0,0,0,00:00:00,00:00:00,0,0,0,0,0,00:00:00,0,0,68.13307,0.6917,15.99945,78.64069,0.84,16,47.65842,0.62,15,0,0,0,0,00:00:00,00:00:00,00:00:00,0,0,0,0,0,n/a,9,0,5.02174,1,00:00:00,0,00:00:00,0,00:00:00,0,00:00:00,0,00:00:00,0,00:00:00,0,00:00:00,0,00:00:00,0,0,0,0,9.31683,8,4.87195,2,n/a,n/a,n/a,0,n/a,n/a,n/a,0,n/a,n/a,n/a,0,n/a,n/a,n/a,0,n/a,n/a,n/a,0,890.26001,890.26001,00:14:55,00:14:55,91.58107,97.90164,890.26001,00:14:55,68.65,68.65,00:00:16,00:00:16,7.06203,1.80328,68.65,00:00:16,13.35,13.35,00:00:02,00:00:02,1.37331,0.27322,13.35,00:00:02,0,0,00:00:00,00:00:00,0,0,0,00:00:00,0,0,00:00:00,00:00:00,0,0,0,00:00:00,0,0,00:00:00,00:00:00,0,0,0,00:00:00,0,0,00:00:00,00:00:00,0,0,0,00:00:00,0,0,00:00:00,00:00:00,0,0,0,00:00:00,9.31683,8,4.87195,2,n/a,n/a,n/a,0,n/a,n/a,n/a,0,n/a,n/a,n/a,0,n/a,n/a,n/a,0,n/a,n/a,n/a,0,890.26001,890.26001,91.58107,890.26001,68.65,68.65,7.06203,68.65,13.35,13.35,1.37331,13.35,0,0,0,0,0,0,0,0,0,0,0,0,0,0,0,0,0,0,0,0,0,0,0,0,0,0,0,0,0,0,0,0,0,0,0,0,0,0,0,0,0,0,0,0,0,0,0,0,0,0,0,0,0,0,0,0,0,0,0,0,0,n/a,n/a,n/a,0,0,0,0,0,0,0,0,0,0,0,0,0,0,0,0,0,0,0,0,0,0,0,0,0,0,0,0,0,0,0,0,0,0,0,0,0,0,0,0,0,0,0,0,0,0,0,0,0,0,0,0,0,0,0,0,0,0,0,0,0,0,0,0,0,0,0,0,0,0,0,0,0,0,0,0,0,0,0,0,0,0,0,0,0,0,0,0
"Hassan Idris",14,0.91803,7,45.43,00:00:12,7,7,46.13,00:00:12,7,0,0.7,00:00:00,0,0,0.7,00:00:00,0,0,0,00:00:00,0,6,11.17,00:00:07,6,7,12.83,00:00:08,7,1,1.66,00:00:00,1,1,1.66,00:00:00,1,0,0,00:00:00,0,2.93262,-3.56634,0.40696,3.6786,1012.26648,1012.26648,00:15:15,00:15:15,126.02221,41.56622,41.56622,57.01614,57.01614,84.10437,84.10437,0,77.96204,126.02221,61.4975,61.4975,3.98269,372.37211,28.0224,56.0448,4.41222,0.28933,955.00598,0.94343,62.62334,52,64.01175,104,20.70522,66.37813,0,4.56314,22.75273,41.56622,31.20979,57.01614,46.03748,84.10437,77.96204,61.4975,0.1245,8.26375,372.37211,1012.26648,00:15:15,126.02221,0.06281,0.00534,0,0,7,0,0,15.25,0,2,0,0,6,8,66.37813,0,7,00:01:46,11.5847,00:01:46,00:01:37,10.60109,00:01:37,00:05:32,36.29071,00:05:32,00:00:10,1.0929,00:00:10,00:01:08,7.53443,00:01:08,00:03:23,22.18579,00:03:23,00:01:18,8.62732,00:01:18,00:05:01,32.89617,00:05:01,0,4,1,0,12,5,0,10,1,0,4,2,2,1,1,2,6,6,2,10,2,1,5,0,0,5,5,0,5,1,0,1,2,0,1,0,2,9,4,0,0,0,0,0,0,0,0,0,0,0,0,0,0,0,23,6,5,21,8,0,11,8,0,0,0,0,0,0,9,9,9,0,0,0,0,0,0,0,0,0,0,0,0,0,0,0,0,0,0,0,0,0,2,0,105.09912,687.62817,19:47:15,19:46:15,378.76221,19:47:13,19:42:13,19:51:13,19:41:13,13.67719,19:43:58,19:42:58,50.01364,19:46:56,19:41:56,87.68362,19:51:22,19:41:22,1.17189,81.50215,1186.26172,227.07001,1.21645,5.08964,3.37296,634.14001,00:13:04,85.78142,13.37978,0,227.07001,00:01:27,9.53005,25.40171,0,90.18,00:00:27,3.00546,38.28947,0,29,00:00:07,0.85246,49.5122,0,31.15,00:00:06,0.7541,0,0,0,00:00:00,0,0,0,0,00:00:00,0,0,0,0,00:00:00,0,58.90241,0,00:00:00,0,0,0,0,n/a,0,0,0,00:00:00,0,0,00:00:00,0,0,0,0,n/a,0,0,0,00:00:00,0,0,00:00:00,0,0,0,0,n/a,0,0,0,00:00:00,0,0,00:00:00,0,0,0,0,n/a,0,0,0,00:00:00,0,0,00:00:00,0,0,0,0,n/a,0,0,0,00:00:00,0,0,00:00:00,0,0,0,0,n/a,0,0,0,00:00:00,0,0,00:00:00,0,0,0,0,n/a,0,0,0,00:00:00,0,0,00:00:00,0,0,0,0,n/a,0,0,0,00:00:00,0,0,0,00:00:00,0,469.16,469.16,00:11:37,00:11:37,46.34748,76.24043,469.16,00:11:37,39,414.54001,414.54001,00:03:01,00:03:01,0,0,40.95167,19.86885,414.54001,00:03:01,0,63,108.9,108.9,00:00:30,00:00:30,0,0,10.75804,3.35519,108.9,00:00:30,0,19,17.42,17.42,00:00:04,00:00:04,0,0,1.72089,0.44809,17.42,00:00:04,0,4,2.34,2.34,00:00:00,00:00:00,0,0,0.23116,0.04372,2.34,00:00:00,0,1,0,0,00:00:00,00:00:00,0,0,0,0,0,00:00:00,0,0,0,0,00:00:00,00:00:00,0,0,0,0,0,00:00:00,0,0,0,0,00:00:00,00:00:00,0,0,0,0,0,00:00:00,0,0,72.38956,0.63808,17.36295,83.57719,1.13,20,56.86712,0.57,13,0,0,0,0,00:00:00,00:00:00,00:00:00,0,0,0,0,0,n/a,0,0,n/a,0,00:00:00,0,00:00:00,0,00:00:00,0,00:00:00,0,00:00:00,0,00:00:00,0,00:00:00,0,00:00:00,0,0,0,0,9.11304,5,8.73608,1,n/a,n/a,n/a,0,n/a,n/a,n/a,0,n/a,n/a,n/a,0,n/a,n/a,n/a,0,n/a,n/a,n/a,0,959.71002,959.71002,00:15:02,00:15:02,94.80804,98.6776,959.71002,00:15:02,43.69,43.69,00:00:10,00:00:10,4.31606,1.12568,43.69,00:00:10,8.95,8.95,00:00:01,00:00:01,0.88415,0.17486,8.95,00:00:01,0,0,00:00:00,00:00:00,0,0,0,00:00:00,0,0,00:00:00,00:00:00,0,0,0,00:00:00,0,0,00:00:00,00:00:00,0,0,0,00:00:00,0,0,00:00:00,00:00:00,0,0,0,00:00:00,0,0,00:00:00,00:00:00,0,0,0,00:00:00,9.11304,5,8.73608,1,n/a,n/a,n/a,0,n/a,n/a,n/a,0,n/a,n/a,n/a,0,n/a,n/a,n/a,0,n/a,n/a,n/a,0,959.71002,959.71002,94.80804,959.71002,43.69,43.69,4.31606,43.69,8.95,8.95,0.88415,8.95,0,0,0,0,0,0,0,0,0,0,0,0,0,0,0,0,0,0,0,0,0,0,0,0,0,0,0,0,0,0,0,0,0,0,0,0,0,0,0,0,0,0,0,0,0,0,0,0,0,0,0,0,0,0,0,0,0,0,0,0,0,n/a,n/a,n/a,0,0,0,0,0,0,0,0,0,0,0,0,0,0,0,0,0,0,0,0,0,0,0,0,0,0,0,0,0,0,0,0,0,0,0,0,0,0,0,0,0,0,0,0,0,0,0,0,0,0,0,0,0,0,0,0,0,0,0,0,0,0,0,0,0,0,0,0,0,0,0,0,0,0,0,0,0,0,0,0,0,0,0,0,0,0,0,0
"Abdulaziz Al-Dwehe",18,1.18033,13,46.11,00:00:12,13,15,49.34,00:00:13,15,2,3.23,00:00:00,2,2,3.23,00:00:00,2,0,0,00:00:00,0,2,2.85,00:00:01,2,3,3.68,00:00:02,3,1,0.83,00:00:00,1,1,0.83,00:00:00,1,0,0,00:00:00,0,3.97943,-3.54825,0.43387,3.57667,1109.95728,1109.95728,00:15:15,00:15:15,109.61741,46.79274,46.79274,46.60371,46.60371,70.41049,70.41049,0,73.08315,109.61741,45.29178,45.29178,4.36705,396.99467,33.6568,67.3136,5.95538,0.39052,975.87415,0.8792,63.99175,48.5,62.3091,97,20.8317,72.78408,0,4.10818,28.56578,46.79274,28.45039,46.60371,42.98383,70.41049,73.08315,45.29178,0.09876,7.18803,396.99467,1109.95728,00:15:15,109.61741,0.08455,0.00223,0,0,5,0,0,15.25,0,0,0,0,1,1,72.78408,0,5,00:01:12,7.86885,00:01:12,00:01:40,10.92896,00:01:40,00:05:18,34.84481,00:05:18,00:00:10,1.0929,00:00:10,00:01:29,9.72678,00:01:29,00:02:52,18.79781,00:02:52,00:01:39,10.81967,00:01:39,00:05:25,35.53771,00:05:25,0,1,0,0,3,1,1,5,0,0,5,1,0,2,0,0,6,0,2,8,6,1,4,2,0,1,0,0,7,0,0,4,1,1,9,2,0,8,1,0,0,0,0,0,0,0,0,0,0,0,0,0,0,2,17,3,3,18,8,0,12,1,0,0,0,0,0,0,5,5,5,0,0,0,0,0,0,0,0,0,0,0,0,0,0,0,0,0,0,0,0,0,0,0,121.86279,750.41431,19:46:58,19:45:58,397.10889,19:46:50,19:41:50,19:55:04,19:45:04,13.25101,19:46:58,19:45:58,41.29114,19:46:50,19:41:50,75.3576,19:51:11,19:41:11,1.16469,72.5131,1292.75317,281.48999,1.31842,5.51625,3.49808,671.10999,00:12:51,84.32787,13.31574,0,281.48999,00:01:40,11.01639,26.09385,0,76.82,00:00:22,2.4918,38.93939,0,31.29,00:00:08,0.88525,49.81897,0,34.06,00:00:08,0.89617,66.45,0,15.16,00:00:03,0.32787,0,0,0,00:00:00,0,0,0,0,00:00:00,0,97.21703,0,00:00:00,0,0,0,0,n/a,0,0,0,00:00:00,0,0,00:00:00,0,0,0,0,n/a,0,0,0,00:00:00,0,0,00:00:00,0,0,0,0,n/a,0,0,0,00:00:00,0,0,00:00:00,0,0,0,0,n/a,0,0,0,00:00:00,0,0,00:00:00,0,0,0,0,n/a,0,0,0,00:00:00,0,0,00:00:00,0,0,0,0,n/a,0,0,0,00:00:00,0,0,00:00:00,0,0,0,0,n/a,0,0,0,00:00:00,0,0,00:00:00,0,0,0,0,n/a,0,0,0,00:00:00,0,0,0,00:00:00,0,586.57001,586.57001,00:12:12,00:12:12,52.84618,80.01093,586.57001,00:12:12,43,455.04001,455.04001,00:02:45,00:02:45,0,0,40.99617,18.03279,455.04001,00:02:45,0,55,60.74,60.74,00:00:15,00:00:15,0,0,5.47228,1.71585,60.74,00:00:15,0,10,6.69,6.69,00:00:01,00:00:01,0,0,0.60273,0.18579,6.69,00:00:01,0,2,0.89,0.89,00:00:00,00:00:00,0,0,0.08018,0.01093,0.89,00:00:00,0,0,0,0,00:00:00,00:00:00,0,0,0,0,0,00:00:00,0,0,0,0,00:00:00,00:00:00,0,0,0,0,0,00:00:00,0,0,0,0,00:00:00,00:00:00,0,0,0,0,0,00:00:00,0,0,67.94692,0.69546,15.99301,82.22276,0.92,16,47.73031,0.62,15,0,0,0,0,00:00:00,00:00:00,00:00:00,0,0,0,0,0,n/a,16,0.42682,-1.13205,2,00:00:00,0,00:00:00,0,00:00:00,0,00:00:00,0,00:00:00,0,00:00:00,0,00:00:00,0,00:00:00,0,0,0,0,7.25665,9,4.75879,1,n/a,n/a,n/a,0,n/a,n/a,n/a,0,n/a,n/a,n/a,0,n/a,n/a,n/a,0,n/a,n/a,n/a,0,1032.21997,1032.21997,00:14:56,00:14:56,92.99637,97.94536,1032.21997,00:14:56,69.59,69.59,00:00:17,00:00:17,6.26961,1.86885,69.59,00:00:17,8.1,8.1,00:00:01,00:00:01,0.72976,0.16393,8.1,00:00:01,0,0,00:00:00,00:00:00,0,0,0,00:00:00,0,0,00:00:00,00:00:00,0,0,0,00:00:00,0,0,00:00:00,00:00:00,0,0,0,00:00:00,0,0,00:00:00,00:00:00,0,0,0,00:00:00,0,0,00:00:00,00:00:00,0,0,0,00:00:00,7.25665,9,4.75879,1,n/a,n/a,n/a,0,n/a,n/a,n/a,0,n/a,n/a,n/a,0,n/a,n/a,n/a,0,n/a,n/a,n/a,0,1032.21997,1032.21997,92.99637,1032.21997,69.59,69.59,6.26961,69.59,8.1,8.1,0.72976,8.1,0,0,0,0,0,0,0,0,0,0,0,0,0,0,0,0,0,0,0,0,0,0,0,0,0,0,0,0,0,0,0,0,0,0,0,0,0,0,0,0,0,0,0,0,0,0,0,0,0,0,0,0,0,0,0,0,0,0,0,0,0,n/a,n/a,n/a,0,0,0,0,0,0,0,0,0,0,0,0,0,0,0,0,0,0,0,0,0,0,0,0,0,0,0,0,0,0,0,0,0,0,0,0,0,0,0,0,0,0,0,0,0,0,0,0,0,0,0,0,0,0,0,0,0,0,0,0,0,0,0,0,0,0,0,0,0,0,0,0,0,0,0,0,0,0,0,0,0,0,0,0,0,0,0,0
"Aboubacar Bah",20,1.31148,9,55.43,00:00:13,9,13,59.59,00:00:14,13,4,4.16,00:00:01,4,4,4.16,00:00:01,4,0,0,00:00:00,0,6,10.03,00:00:06,6,7,10.79,00:00:06,7,1,0.76,00:00:00,1,1,0.76,00:00:00,1,0,0,00:00:00,0,3.98362,-3.53705,0.42897,3.85705,1017.62946,1017.62946,00:15:15,00:15:15,105.32217,47.87341,47.87341,41.38707,41.38707,68.80266,68.80266,0,69.80342,105.32217,45.07697,45.07697,4.00379,392.50438,32.50099,65.00197,4.88251,0.32016,978.98639,0.96203,64.19583,50.5,80.40416,101,25.88761,66.7298,0,4.38096,30.28752,47.87341,26.18388,41.38707,43.52859,68.80266,69.80342,45.07697,0.1035,6.90637,392.50438,1017.62946,00:15:15,105.32217,0.10329,0.00596,0.5788,0,3,0,0,15.25,0,3,0,0,0,3,66.7298,5.89,3,00:01:18,8.52459,00:01:18,00:01:38,10.71038,00:01:38,00:04:16,28.02951,00:04:16,00:00:10,1.0929,00:00:10,00:01:24,9.18033,00:01:24,00:02:56,19.23497,00:02:56,00:01:34,10.27322,00:01:34,00:06:28,42.4623,00:06:28,0,0,0,3,11,1,0,6,2,0,2,0,0,1,0,0,1,1,0,8,5,0,11,3,0,4,1,0,4,1,0,1,1,0,8,1,0,3,0,0,0,0,0,0,0,0,0,0,0,0,0,0,0,3,25,4,0,20,9,0,9,3,0,0,0,0,0,0,2,2,2,0,0,0,0,0,0,0,0,0,0,0,0,0,0,0,0,0,0,0,0,0,2,1,98.41992,702.94678,19:43:06,19:42:06,379.59204,19:46:26,19:41:26,19:51:25,19:41:25,11.0264,19:43:06,19:42:06,40.72855,19:54:03,19:49:03,75.10452,19:51:21,19:41:21,1.19018,69.29776,1211.16467,249.53999,1.23746,5.17753,3.02907,579.94,00:13:03,85.6612,13.46004,0,249.53999,00:01:26,9.40984,26.29836,0,89.87,00:00:24,2.62295,39.81897,0,32.62,00:00:07,0.8306,51.30841,0,36.12,00:00:07,0.84153,66.82813,0,29.52,00:00:05,0.57923,0,0,0,00:00:00,0,0,0,0,00:00:00,0,82.57345,0,00:00:00,0,0,0,0,n/a,0,0,0,00:00:00,0,0,00:00:00,0,0,0,0,n/a,0,0,0,00:00:00,0,0,00:00:00,0,0,0,0,n/a,0,0,0,00:00:00,0,0,00:00:00,0,0,0,0,n/a,0,0,0,00:00:00,0,0,00:00:00,0,0,0,0,n/a,0,0,0,00:00:00,0,0,00:00:00,0,0,0,0,n/a,0,0,0,00:00:00,0,0,00:00:00,0,0,0,0,n/a,0,0,0,00:00:00,0,0,00:00:00,0,0,0,0,n/a,0,0,0,00:00:00,0,0,0,00:00:00,0,546.46997,546.46997,00:12:38,00:12:38,53.70029,82.85246,546.46997,00:12:38,43,358.31,358.31,00:02:11,00:02:11,0,0,35.21026,14.36066,358.31,00:02:11,0,45,83.15,83.15,00:00:20,00:00:20,0,0,8.17095,2.18579,83.15,00:00:20,0,13,27.24,27.24,00:00:04,00:00:04,0,0,2.67681,0.52459,27.24,00:00:04,0,4,2.45,2.45,00:00:00,00:00:00,0,0,0.24076,0.03279,2.45,00:00:00,0,1,0,0,00:00:00,00:00:00,0,0,0,0,0,00:00:00,0,0,0,0,00:00:00,00:00:00,0,0,0,0,0,00:00:00,0,0,0,0,00:00:00,00:00:00,0,0,0,0,0,00:00:00,0,0,71.71094,0.69997,15.99257,80.66248,0.94,16,57.71286,0.62,15,0,0,0,0,00:00:00,00:00:00,00:00:00,0,0,0,0,0,n/a,24,2.59075,-3.91755,3,00:00:00,0,00:00:00,0,00:00:00,0,00:00:00,0,00:00:00,0,00:00:00,0,00:00:00,0,00:00:00,0,0,0,0,10.52649,14,11.03461,4,n/a,0,0,0,n/a,n/a,n/a,0,n/a,n/a,n/a,0,n/a,n/a,n/a,0,n/a,n/a,n/a,0,862.85999,862.85999,00:14:41,00:14:41,84.79118,96.3388,862.85999,00:14:41,109.04,109.04,00:00:25,00:00:25,10.7151,2.79781,109.04,00:00:25,39.83,39.83,00:00:06,00:00:06,3.914,0.74317,39.83,00:00:06,5.89,5.89,00:00:00,00:00:00,0.5788,0.08743,5.89,00:00:00,0,0,00:00:00,00:00:00,0,0,0,00:00:00,0,0,00:00:00,00:00:00,0,0,0,00:00:00,0,0,00:00:00,00:00:00,0,0,0,00:00:00,0,0,00:00:00,00:00:00,0,0,0,00:00:00,10.52649,14,11.03461,4,n/a,0,0,0,n/a,n/a,n/a,0,n/a,n/a,n/a,0,n/a,n/a,n/a,0,n/a,n/a,n/a,0,862.85999,862.85999,84.79118,862.85999,109.04,109.04,10.7151,109.04,39.83,39.83,3.914,39.83,5.89,5.89,0.5788,5.89,0,0,0,0,0,0,0,0,0,0,0,0,0,0,0,0,0,0,0,0,0,0,0,0,0,0,0,0,0,0,0,0,0,0,0,0,0,0,0,0,0,0,0,0,0,0,0,0,0,0,0,0,0,0,0,0,0,n/a,n/a,n/a,0,0,0,0,0,0,0,0,0,0,0,0,0,0,0,0,0,0,0,0,0,0,0,0,0,0,0,0,0,0,0,0,0,0,0,0,0,0,0,0,0,0,0,0,0,0,0,0,0,0,0,0,0,0,0,0,0,0,0,0,0,0,0,0,0,0,0,0,0,0,0,0,0,0,0,0,0,0,0,0,0,0,0,0,0,0,0,0
